1374 284 194 2
-10.03 0.02
-10.01 0.02
-9.99 0.02
-9.97 0.02
-9.95 0.02
-9.93 0.02
-9.91 0.02
-9.89 0.02
-9.87 0.02
-9.85 0.02
-9.83 0.02
-9.81 0.02
-9.79 0.02
-9.77 0.02
-9.75 0.02
-9.73 0.02
-9.71 0.02
-9.69 0.02
-9.67 0.02
-9.65 0.02
-9.63 0.02
-9.61 0.02
-9.59 0.02
-9.57 0.02
-9.55 0.02
-9.53 0.02
-9.51 0.02
-9.49 0.02
-9.47 0.02
-9.45 0.02
-9.43 0.02
-9.41 0.02
-9.39 0.02
-9.37 0.02
-9.35 0.02
-9.33 0.02
-9.31 0.02
-9.29 0.02
-9.27 0.02
-9.25 0.02
-9.23 0.02
-9.21 0.02
-9.19 0.02
-9.17 0.02
-9.15 0.02
-9.13 0.02
-9.11 0.02
-9.09 0.02
-9.07 0.02
-9.05 0.02
-9.03 0.02
-9.01 0.02
-8.99 0.02
-8.97 0.02
-8.95 0.02
-8.93 0.02
-8.91 0.02
-8.89 0.02
-8.87 0.02
-8.85 0.02
-8.83 0.02
-8.81 0.02
-8.79 0.02
-8.77 0.02
-8.75 0.02
-8.73 0.02
-8.71 0.02
-8.69 0.02
-8.67 0.02
-8.65 0.02
-8.63 0.02
-8.61 0.02
-8.59 0.02
-8.57 0.02
-8.55 0.02
-8.53 0.02
-8.51 0.02
-8.49 0.02
-8.47 0.02
-8.45 0.02
-8.43 0.02
-8.41 0.02
-8.39 0.02
-8.37 0.02
-8.35 0.02
-8.33 0.02
-8.31 0.02
-8.29 0.02
-8.27 0.02
-8.25 0.02
-8.23 0.02
-8.21 0.02
-8.19 0.02
-8.17 0.02
-8.15 0.02
-8.13 0.02
-8.11 0.02
-8.09 0.02
-8.07 0.02
-8.05 0.02
-8.03 0.02
-8.01 0.02
-7.99 0.02
-7.97 0.02
-7.95 0.02
-7.93 0.02
-7.91 0.02
-7.89 0.02
-7.87 0.02
-7.85 0.02
-7.83 0.02
-7.81 0.02
-7.79 0.02
-7.77 0.02
-7.75 0.02
-7.73 0.02
-7.71 0.02
-7.69 0.02
-7.67 0.02
-7.65 0.02
-7.63 0.02
-7.61 0.02
-7.59 0.02
-7.57 0.02
-7.55 0.02
-7.53 0.02
-7.51 0.02
-7.49 0.02
-7.47 0.02
-7.45 0.02
-7.43 0.02
-7.41 0.02
-7.39 0.02
-7.37 0.02
-7.35 0.02
-7.33 0.02
-7.31 0.02
-7.29 0.02
-7.27 0.02
-7.25 0.02
-7.23 0.02
-7.21 0.02
-7.19 0.02
-7.17 0.02
-7.15 0.02
-7.13 0.02
-7.11 0.02
-7.09 0.02
-7.07 0.02
-7.05 0.02
-7.03 0.02
-7.01 0.02
-6.99 0.02
-6.97 0.02
-6.95 0.02
-6.93 0.02
-6.91 0.02
-6.89 0.02
-6.87 0.02
-6.85 0.02
-6.83 0.02
-6.81 0.02
-6.79 0.02
-6.77 0.02
-6.75 0.02
-6.73 0.02
-6.71 0.02
-6.69 0.02
-6.67 0.02
-6.65 0.02
-6.63 0.02
-6.61 0.02
-6.59 0.02
-6.57 0.02
-6.55 0.02
-6.53 0.02
-6.51 0.02
-6.49 0.02
-6.47 0.02
-6.45 0.02
-6.43 0.02
-6.41 0.02
-6.39 0.02
-6.37 0.02
-6.35 0.02
-6.33 0.02
-6.31 0.02
-6.29 0.02
-6.27 0.02
-6.25 0.02
-6.23 0.02
-6.21 0.02
-6.19 0.02
-6.17 0.02
-6.15 0.02
-6.13 0.02
-6.11 0.02
-6.09 0.02
-6.07 0.02
-6.05 0.02
-6.03 0.02
-6.01 0.02
-5.99 0.02
-5.97 0.02
-5.95 0.02
-5.93 0.02
-5.91 0.02
-5.89 0.02
-5.87 0.02
-5.85 0.02
-5.83 0.02
-5.81 0.02
-5.79 0.02
-5.77 0.02
-5.75 0.02
-5.73 0.02
-5.71 0.02
-5.69 0.02
-5.67 0.02
-5.65 0.02
-5.63 0.02
-5.61 0.02
-5.59 0.02
-5.57 0.02
-5.55 0.02
-5.53 0.02
-5.51 0.02
-5.49 0.02
-5.47 0.02
-5.45 0.02
-5.43 0.02
-5.41 0.02
-5.39 0.02
-5.37 0.02
-5.35 0.02
-5.33 0.02
-5.31 0.02
-5.29 0.02
-5.27 0.02
-5.25 0.02
-5.23 0.02
-5.21 0.02
-5.19 0.02
-5.17 0.02
-5.15 0.02
-5.13 0.02
-5.11 0.02
-5.09 0.02
-5.07 0.02
-5.05 0.02
-5.03 0.02
-5.01 0.02
-4.99 0.02
-4.97 0.02
-4.95 0.02
-4.93 0.02
-4.91 0.02
-4.89 0.02
-4.87 0.02
-4.85 0.02
-4.83 0.02
-4.81 0.02
-4.79 0.02
-4.77 0.02
-4.75 0.02
-4.73 0.02
-4.71 0.02
-4.69 0.02
-4.67 0.02
-4.65 0.02
-4.63 0.02
-4.61 0.02
-4.59 0.02
-4.57 0.02
-4.55 0.02
-4.53 0.02
-4.51 0.02
-4.49 0.02
-4.47 0.02
-4.45 0.02
-4.43 0.02
-4.41 0.02
-4.39 0.02
-4.37 0.02
-4.35 0.02
-4.33 0.02
-4.31 0.02
-4.29 0.02
-4.27 0.02
-4.25 0.02
-4.23 0.02
-4.21 0.02
-4.19 0.02
-4.17 0.02
-4.15 0.02
-4.13 0.02
-4.11 0.02
-4.09 0.02
-4.07 0.02
-4.05 0.02
-4.03 0.02
-4.01 0.02
-3.99 0.02
-3.97 0.02
-3.95 0.02
-3.93 0.02
-3.91 0.02
-3.89 0.02
-3.87 0.02
-3.85 0.02
-3.83 0.02
-3.81 0.02
-3.79 0.02
-3.77 0.02
-3.75 0.02
-3.73 0.02
-3.71 0.02
-3.69 0.02
-3.67 0.02
-3.65 0.02
-3.63 0.02
-3.61 0.02
-3.59 0.02
-3.57 0.02
-3.55 0.02
-3.53 0.02
-3.51 0.02
-3.49 0.02
-3.47 0.02
-3.45 0.02
-3.43 0.02
-3.41 0.02
-3.39 0.02
-3.37 0.02
-3.35 0.02
-3.33 0.02
-3.31 0.02
-3.29 0.02
-3.27 0.02
-3.25 0.02
-3.23 0.02
-3.21 0.02
-3.19 0.02
-3.17 0.02
-3.15 0.02
-3.13 0.02
-3.11 0.02
-3.09 0.02
-3.07 0.02
-3.05 0.02
-3.03 0.02
-3.01 0.02
-2.99 0.02
-2.97 0.02
-2.95 0.02
-2.93 0.02
-2.91 0.02
-2.89 0.02
-2.87 0.02
-2.85 0.02
-2.83 0.02
-2.81 0.02
-2.79 0.02
-2.77 0.02
-2.75 0.02
-2.73 0.02
-2.71 0.02
-2.69 0.02
-2.67 0.02
-2.65 0.02
-2.63 0.02
-2.61 0.02
-2.59 0.02
-2.57 0.02
-2.55 0.02
-2.53 0.02
-2.51 0.02
-2.49 0.02
-2.47 0.02
-2.45 0.02
-2.43 0.02
-2.41 0.02
-2.39 0.02
-2.37 0.02
-2.35 0.02
-2.33 0.02
-2.31 0.02
-2.29 0.02
-2.27 0.02
-2.25 0.02
-2.23 0.02
-2.21 0.02
-2.19 0.02
-2.17 0.02
-2.15 0.02
-2.13 0.02
-2.11 0.02
-2.09 0.02
-2.07 0.02
-2.05 0.02
-2.03 0.02
-2.01 0.02
-1.99 0.02
-1.97 0.02
-1.95 0.02
-1.93 0.02
-1.91 0.02
-1.89 0.02
-1.87 0.02
-1.85 0.02
-1.83 0.02
-1.81 0.02
-1.79 0.02
-1.77 0.02
-1.75 0.02
-1.73 0.02
-1.71 0.02
-1.69 0.02
-1.67 0.02
-1.65 0.02
-1.63 0.02
-1.61 0.02
-1.59 0.02
-1.57 0.02
-1.55 0.02
-1.53 0.02
-1.51 0.02
-1.49 0.02
-1.47 0.02
-1.45 0.02
-1.43 0.02
-1.41 0.02
-1.39 0.02
-1.37 0.02
-1.35 0.02
-1.33 0.02
-1.31 0.02
-1.29 0.02
-1.27 0.02
-1.25 0.02
-1.23 0.02
-1.21 0.02
-1.19 0.02
-1.17 0.02
-1.15 0.02
-1.13 0.02
-1.11 0.02
-1.09 0.02
-1.07 0.02
-1.05 0.02
-1.03 0.02
-1.01 0.02
-0.99 0.02
-0.97 0.02
-0.95 0.02
-0.93 0.02
-0.91 0.02
-0.89 0.02
-0.87 0.02
-0.85 0.02
-0.83 0.02
-0.81 0.02
-0.79 0.02
-0.77 0.02
-0.75 0.02
-0.73 0.02
-0.71 0.02
-0.69 0.02
-0.67 0.02
-0.65 0.02
-0.63 0.02
-0.61 0.02
-0.59 0.02
-0.57 0.02
-0.55 0.02
-0.53 0.02
-0.51 0.02
-0.49 0.02
-0.47 0.02
-0.45 0.02
-0.43 0.02
-0.41 0.02
-0.39 0.02
-0.37 0.02
-0.35 0.02
-0.33 0.02
-0.31 0.02
-0.29 0.02
-0.27 0.02
-0.25 0.02
-0.23 0.02
-0.21 0.02
-0.19 0.02
-0.17 0.02
-0.15 0.02
-0.13 0.02
-0.11 0.02
-0.09 0.02
-0.07 0.02
-0.05 0.02
-0.03 0.02
-0.01 0.02
0.01 0.02
0.03 0.02
0.05 0.02
0.07 0.02
0.09 0.02
0.11 0.02
0.13 0.02
0.15 0.02
0.17 0.02
0.19 0.02
0.21 0.02
0.23 0.02
0.25 0.02
0.27 0.02
0.29 0.02
0.31 0.02
0.33 0.02
0.35 0.02
0.37 0.02
0.39 0.02
0.41 0.02
0.43 0.02
0.45 0.02
0.47 0.02
0.49 0.02
0.51 0.02
0.53 0.02
0.55 0.02
0.57 0.02
0.59 0.02
0.61 0.02
0.63 0.02
0.65 0.02
0.67 0.02
0.69 0.02
0.71 0.02
0.73 0.02
0.75 0.02
0.77 0.02
0.79 0.02
0.81 0.02
0.83 0.02
0.85 0.02
0.87 0.02
0.89 0.02
0.91 0.02
0.93 0.02
0.95 0.02
0.97 0.02
0.99 0.02
1.01 0.02
1.03 0.02
1.05 0.02
1.07 0.02
1.09 0.02
1.11 0.02
1.13 0.02
1.15 0.02
1.17 0.02
1.19 0.02
1.21 0.02
1.23 0.02
1.25 0.02
1.27 0.02
1.29 0.02
1.31 0.02
1.33 0.02
1.35 0.02
1.37 0.02
1.39 0.02
1.41 0.02
1.43 0.02
1.45 0.02
1.47 0.02
1.49 0.02
1.51 0.02
1.53 0.02
1.55 0.02
1.57 0.02
1.59 0.02
1.61 0.02
1.63 0.02
1.65 0.02
1.67 0.02
1.69 0.02
1.71 0.02
1.73 0.02
1.75 0.02
1.77 0.02
1.79 0.02
1.81 0.02
1.83 0.02
1.85 0.02
1.87 0.02
1.89 0.02
1.91 0.02
1.93 0.02
1.95 0.02
1.97 0.02
1.99 0.02
2.01 0.02
2.03 0.02
2.05 0.02
2.07 0.02
2.09 0.02
2.11 0.02
2.13 0.02
2.15 0.02
2.17 0.02
2.19 0.02
2.21 0.02
2.23 0.02
2.25 0.02
2.27 0.02
2.29 0.02
2.31 0.02
2.33 0.02
2.35 0.02
2.37 0.02
2.39 0.02
2.41 0.02
2.43 0.02
2.45 0.02
2.47 0.02
2.49 0.02
2.51 0.02
2.53 0.02
2.55 0.02
2.57 0.02
2.59 0.02
2.61 0.02
2.63 0.02
2.65 0.02
2.67 0.02
2.69 0.02
2.71 0.02
2.73 0.02
2.75 0.02
2.77 0.02
2.79 0.02
2.81 0.02
2.83 0.02
2.85 0.02
2.87 0.02
2.89 0.02
2.91 0.02
2.93 0.02
2.95 0.02
2.97 0.02
2.99 0.02
3.01 0.02
3.03 0.02
3.05 0.02
3.07 0.02
3.09 0.02
3.11 0.02
3.13 0.02
3.15 0.02
3.17 0.02
3.19 0.02
3.21 0.02
3.23 0.02
3.25 0.02
3.27 0.02
3.29 0.02
3.31 0.02
3.33 0.02
3.35 0.02
3.37 0.02
3.39 0.02
3.41 0.02
3.43 0.02
3.45 0.02
3.47 0.02
3.49 0.02
3.51 0.02
3.53 0.02
3.55 0.02
3.57 0.02
3.59 0.02
3.61 0.02
3.63 0.02
3.65 0.02
3.67 0.02
3.69 0.02
3.71 0.02
3.73 0.02
3.75 0.02
3.77 0.02
3.79 0.02
3.81 0.02
3.83 0.02
3.85 0.02
3.87 0.02
3.89 0.02
3.91 0.02
3.93 0.02
3.95 0.02
3.97 0.02
3.99 0.02
4.01 0.02
4.03 0.02
4.05 0.02
4.07 0.02
4.09 0.02
4.11 0.02
4.13 0.02
4.15 0.02
4.17 0.02
4.19 0.02
4.21 0.02
4.23 0.02
4.25 0.02
4.27 0.02
4.29 0.02
4.31 0.02
4.33 0.02
4.35 0.02
4.37 0.02
4.39 0.02
4.41 0.02
4.43 0.02
4.45 0.02
4.47 0.02
4.49 0.02
4.51 0.02
4.53 0.02
4.55 0.02
4.57 0.02
4.59 0.02
4.61 0.02
4.63 0.02
4.65 0.02
4.67 0.02
4.69 0.02
4.71 0.02
4.73 0.02
4.75 0.02
4.77 0.02
4.79 0.02
4.81 0.02
4.83 0.02
4.85 0.02
4.87 0.02
4.89 0.02
4.91 0.02
4.93 0.02
4.95 0.02
4.97 0.02
4.99 0.02
5.01 0.02
5.03 0.02
5.05 0.02
5.07 0.02
5.09 0.02
5.11 0.02
5.13 0.02
5.15 0.02
5.17 0.02
5.19 0.02
5.21 0.02
5.23 0.02
5.25 0.02
5.27 0.02
5.29 0.02
5.31 0.02
5.33 0.02
5.35 0.02
5.37 0.02
5.39 0.02
5.41 0.02
5.43 0.02
5.45 0.02
5.47 0.02
5.49 0.02
5.51 0.02
5.53 0.02
5.55 0.02
5.57 0.02
5.59 0.02
5.61 0.02
5.63 0.02
5.65 0.02
5.67 0.02
5.69 0.02
5.71 0.02
5.73 0.02
5.75 0.02
5.77 0.02
5.79 0.02
5.81 0.02
5.83 0.02
5.85 0.02
5.87 0.02
5.89 0.02
5.91 0.02
5.93 0.02
5.95 0.02
5.97 0.02
5.99 0.02
6.01 0.02
6.03 0.02
6.05 0.02
6.07 0.02
6.09 0.02
6.11 0.02
6.13 0.02
6.15 0.02
6.17 0.02
6.19 0.02
6.21 0.02
6.23 0.02
6.25 0.02
6.27 0.02
6.29 0.02
6.31 0.02
6.33 0.02
6.35 0.02
6.37 0.02
6.39 0.02
6.41 0.02
6.43 0.02
6.45 0.02
6.47 0.02
6.49 0.02
6.51 0.02
6.53 0.02
6.55 0.02
6.57 0.02
6.59 0.02
6.61 0.02
6.63 0.02
6.65 0.02
6.67 0.02
6.69 0.02
6.71 0.02
6.73 0.02
6.75 0.02
6.77 0.02
6.79 0.02
6.81 0.02
6.83 0.02
6.85 0.02
6.87 0.02
6.89 0.02
6.91 0.02
6.93 0.02
6.95 0.02
6.97 0.02
6.99 0.02
7.01 0.02
7.03 0.02
7.05 0.02
7.07 0.02
7.09 0.02
7.11 0.02
7.13 0.02
7.15 0.02
7.17 0.02
7.19 0.02
7.21 0.02
7.23 0.02
7.25 0.02
7.27 0.02
7.29 0.02
7.31 0.02
7.33 0.02
7.35 0.02
7.37 0.02
7.39 0.02
7.41 0.02
7.43 0.02
7.45 0.02
7.47 0.02
7.49 0.02
7.51 0.02
7.53 0.02
7.55 0.02
7.57 0.02
7.59 0.02
7.61 0.02
7.63 0.02
7.65 0.02
7.67 0.02
7.69 0.02
7.71 0.02
7.73 0.02
7.75 0.02
7.77 0.02
7.79 0.02
7.81 0.02
7.83 0.02
7.85 0.02
7.87 0.02
7.89 0.02
7.91 0.02
7.93 0.02
7.95 0.02
7.97 0.02
7.99 0.02
8.01 0.02
8.03 0.02
8.05 0.02
8.07 0.02
8.09 0.02
8.11 0.02
8.13 0.02
8.15 0.02
8.17 0.02
8.19 0.02
8.21 0.02
8.23 0.02
8.25 0.02
8.27 0.02
8.29 0.02
8.31 0.02
8.33 0.02
8.35 0.02
8.37 0.02
8.39 0.02
8.41 0.02
8.43 0.02
8.45 0.02
8.47 0.02
8.49 0.02
8.51 0.02
8.53 0.02
8.55 0.02
8.57 0.02
8.59 0.02
8.61 0.02
8.63 0.02
8.65 0.02
8.67 0.02
8.69 0.02
8.71 0.02
8.73 0.02
8.75 0.02
8.77 0.02
8.79 0.02
8.81 0.02
8.83 0.02
8.85 0.02
8.87 0.02
8.89 0.02
8.91 0.02
8.93 0.02
8.95 0.02
8.97 0.02
8.99 0.02
9.01 0.02
9.03 0.02
9.05 0.02
9.07 0.02
9.09 0.02
9.11 0.02
9.13 0.02
9.15 0.02
9.17 0.02
9.19 0.02
9.21 0.02
9.23 0.02
9.25 0.02
9.27 0.02
9.29 0.02
9.31 0.02
9.33 0.02
9.35 0.02
9.37 0.02
9.39 0.02
9.41 0.02
9.43 0.02
9.45 0.02
9.47 0.02
9.49 0.02
9.51 0.02
9.53 0.02
9.55 0.02
9.57 0.02
9.59 0.02
9.61 0.02
9.63 0.02
9.65 0.02
9.67 0.02
9.69 0.02
9.71 0.02
9.73 0.02
9.75 0.02
9.77 0.02
9.79 0.02
9.81 0.02
9.83 0.02
9.85 0.02
9.87 0.02
9.89 0.02
9.91 0.02
9.93 0.02
9.95 0.02
9.97 0.02
9.99 0.02
10.01 0.02
10.03 0.02
10.05 0.02
10.07 0.02
10.09 0.02
10.11 0.02
10.13 0.02
10.15 0.02
10.17 0.02
10.19 0.02
10.21 0.02
10.23 0.02
10.25 0.02
10.27 0.02
10.29 0.02
10.31 0.02
10.33 0.02
10.35 0.02
10.37 0.02
10.39 0.02
10.41 0.02
10.43 0.02
10.45 0.02
10.47 0.02
10.49 0.02
10.51 0.02
10.53 0.02
10.55 0.02
10.57 0.02
10.59 0.02
10.61 0.02
10.63 0.02
10.65 0.02
10.67 0.02
10.69 0.02
10.71 0.02
10.73 0.02
10.75 0.02
10.77 0.02
10.79 0.02
10.81 0.02
10.83 0.02
10.85 0.02
10.87 0.02
10.89 0.02
10.91 0.02
10.93 0.02
10.95 0.02
10.97 0.02
10.99 0.02
11.01 0.02
11.03 0.02
11.05 0.02
11.07 0.02
11.09 0.02
11.11 0.02
11.13 0.02
11.15 0.02
11.17 0.02
11.19 0.02
11.21 0.02
11.23 0.02
11.25 0.02
11.27 0.02
11.29 0.02
11.31 0.02
11.33 0.02
11.35 0.02
11.37 0.02
11.39 0.02
11.41 0.02
11.43 0.02
11.45 0.02
11.47 0.02
11.49 0.02
11.51 0.02
11.53 0.02
11.55 0.02
11.57 0.02
11.59 0.02
11.61 0.02
11.63 0.02
11.65 0.02
11.67 0.02
11.69 0.02
11.71 0.02
11.73 0.02
11.75 0.02
11.77 0.02
11.79 0.02
11.81 0.02
11.83 0.02
11.85 0.02
11.87 0.02
11.89 0.02
11.91 0.02
11.93 0.02
11.95 0.02
11.97 0.02
11.99 0.02
12.01 0.02
12.03 0.02
12.05 0.02
12.07 0.02
12.09 0.02
12.11 0.02
12.13 0.02
12.15 0.02
12.17 0.02
12.19 0.02
12.21 0.02
12.23 0.02
12.25 0.02
12.27 0.02
12.29 0.02
12.31 0.02
12.33 0.02
12.35 0.02
12.37 0.02
12.39 0.02
12.41 0.02
12.43 0.02
12.45 0.02
12.47 0.02
12.49 0.02
12.51 0.02
12.53 0.02
12.55 0.02
12.57 0.02
12.59 0.02
12.61 0.02
12.63 0.02
12.65 0.02
12.67 0.02
12.69 0.02
12.71 0.02
12.73 0.02
12.75 0.02
12.77 0.02
12.79 0.02
12.81 0.02
12.83 0.02
12.85 0.02
12.87 0.02
12.89 0.02
12.91 0.02
12.93 0.02
12.95 0.02
12.97 0.02
12.99 0.02
13.01 0.02
13.03 0.02
13.05 0.02
13.07 0.02
13.09 0.02
13.11 0.02
13.13 0.02
13.15 0.02
13.17 0.02
13.19 0.02
13.21 0.02
13.23 0.02
13.25 0.02
13.27 0.02
13.29 0.02
13.31 0.02
13.33 0.02
13.35 0.02
13.37 0.02
13.39 0.02
13.41 0.02
13.43 0.02
13.45 0.02
13.47 0.02
13.49 0.02
13.51 0.02
13.53 0.02
13.55 0.02
13.57 0.02
13.59 0.02
13.61 0.02
13.63 0.02
13.65 0.02
13.67 0.02
13.69 0.02
13.71 0.02
13.73 0.02
13.75 0.02
13.77 0.02
13.79 0.02
13.81 0.02
13.83 0.02
13.85 0.02
13.87 0.02
13.89 0.02
13.91 0.02
13.93 0.02
13.95 0.02
13.97 0.02
13.99 0.02
14.01 0.02
14.03 0.02
14.05 0.02
14.07 0.02
14.09 0.02
14.11 0.02
14.13 0.02
14.15 0.02
14.17 0.02
14.19 0.02
14.21 0.02
14.23 0.02
14.25 0.02
14.27 0.02
14.29 0.02
14.31 0.02
14.33 0.02
14.35 0.02
14.37 0.02
14.39 0.02
14.41 0.02
14.43 0.02
14.45 0.02
14.47 0.02
14.49 0.02
14.51 0.02
14.53 0.02
14.55 0.02
14.57 0.02
14.59 0.02
14.61 0.02
14.63 0.02
14.65 0.02
14.67 0.02
14.69 0.02
14.71 0.02
14.73 0.02
14.75 0.02
14.77 0.02
14.79 0.02
14.81 0.02
14.83 0.02
14.85 0.02
14.87 0.02
14.89 0.02
14.91 0.02
14.93 0.02
14.95 0.02
14.97 0.02
14.99 0.02
15.01 0.0200122
15.0302 0.020366
15.0507 0.0207241
15.0716 0.0210865
15.0929 0.0214532
15.1146 0.021824
15.1366 0.022199
15.159 0.0225781
15.1817 0.0229613
15.2049 0.0233485
15.2284 0.0237396
15.2524 0.0241346
15.2767 0.0245335
15.3014 0.0249361
15.3266 0.0253424
15.3521 0.0257523
15.3781 0.0261657
15.4044 0.0265824
15.4312 0.0270025
15.4585 0.0274258
15.4861 0.0278522
15.5142 0.0282815
15.5427 0.0287137
15.5716 0.0291487
15.601 0.0295862
15.6308 0.0300261
15.661 0.0304683
15.6917 0.0309127
15.7228 0.0313591
15.7544 0.0318072
15.7865 0.032257
15.8189 0.0327083
15.8519 0.0331609
15.8853 0.0336145
15.9191 0.034069
15.9534 0.0345242
15.9881 0.0349799
16.0234 0.0354359
16.059 0.0358918
16.0951 0.0363476
16.1317 0.036803
16.1687 0.0372577
16.2062 0.0377115
16.2442 0.0381642
16.2826 0.0386154
16.3214 0.039065
16.3607 0.0395126
16.4004 0.039958
16.4406 0.040401
16.4812 0.0408412
16.5223 0.0412784
16.5638 0.0417122
16.6057 0.0421425
16.6481 0.0425688
16.6908 0.042991
16.734 0.0434087
16.7777 0.0438217
16.8217 0.0442295
16.8661 0.044632
16.9109 0.0450288
16.9562 0.0454197
17.0018 0.0458043
17.0478 0.0461823
17.0941 0.0465535
17.1409 0.0469175
17.188 0.047274
17.2354 0.0476228
17.2832 0.0479636
17.3313 0.0482961
17.3798 0.0486199
17.4286 0.0489349
17.4777 0.0492407
17.5271 0.0495372
17.5767 0.0498239
17.6267 0.0501007
17.6769 0.0503673
17.7274 0.0506236
17.7782 0.0508691
17.8292 0.0511038
17.8804 0.0513274
17.9318 0.0515397
17.9834 0.0517405
18.0353 0.0519295
18.0873 0.0521068
18.1395 0.0522719
18.1918 0.0524249
18.2443 0.0525655
18.297 0.0526937
18.3497 0.0528092
18.4026 0.052912
18.4555 0.053002
18.5086 0.0530791
18.5617 0.0531432
18.6149 0.0531942
18.6681 0.0532322
18.7213 0.053257
18.7746 0.0532686
18.8278 0.0532671
18.8811 0.0532524
18.9343 0.0532246
18.9875 0.0531836
19.0407 0.0531295
19.0938 0.0530624
19.1468 0.0529824
19.1998 0.0528894
19.2526 0.0527837
19.3053 0.0526652
19.3579 0.0525342
19.4104 0.0523907
19.4627 0.0522349
19.5148 0.0520669
19.5668 0.051887
19.6186 0.0516952
19.6702 0.0514917
19.7216 0.0512768
19.7728 0.0510506
19.8237 0.0508134
19.8744 0.0505654
19.9248 0.0503067
19.975 0.0500377
20.0249 0.0497687
20.0745 0.0494997
-3.67409 0.0490716
-3.62478 0.049558
-3.57498 0.0500445
-3.52469 0.050531
-3.47396 0.050924
-3.42289 0.0512207
-3.37157 0.0514186
-3.3201 0.0515163
-3.26859 0.0515129
-3.21713 0.0514086
-3.16582 0.0512041
-3.11477 0.050901
-3.06407 0.0505017
-3.01381 0.0500091
-2.96409 0.0494272
-2.915 0.04876
-2.86661 0.0480126
-2.81901 0.0471903
-2.77227 0.0462987
-2.72645 0.0453439
-2.68161 0.0443322
-2.63781 0.0432698
-2.59509 0.0421633
-2.5535 0.0410192
-2.51307 0.0398438
-2.47382 0.0386434
-2.43579 0.0374239
-2.39898 0.0361913
-2.36341 0.0349511
-2.32908 0.0337084
-2.29599 0.0324682
-2.26414 0.0312349
-2.23352 0.0300127
-2.20411 0.0288054
-2.1759 0.0276163
-2.14887 0.0264484
-2.12299 0.0253044
-2.09824 0.0241866
-2.0746 0.0230968
-2.05204 0.0220367
-2.03051 0.0210076
-2.01001 0.0200105
-1.99 0.02
-1.97 0.02
-1.95 0.02
-1.93 0.02
-1.91 0.02
-1.89 0.02
-1.87 0.02
-1.85 0.02
-1.83 0.02
-1.81 0.02
-1.79 0.02
-1.77 0.02
-1.75 0.02
-1.73 0.02
-1.71 0.02
-1.69 0.02
-1.67 0.02
-1.65 0.02
-1.63 0.02
-1.61 0.02
-1.59 0.02
-1.57 0.02
-1.55 0.02
-1.53 0.02
-1.51 0.02
-1.49 0.02
-1.47 0.02
-1.45 0.02
-1.43 0.02
-1.41 0.02
-1.39 0.02
-1.37 0.02
-1.35 0.02
-1.33 0.02
-1.31 0.02
-1.29 0.02
-1.27 0.02
-1.25 0.02
-1.23 0.02
-1.21 0.02
-1.19 0.02
-1.17 0.02
-1.15 0.02
-1.13 0.02
-1.11 0.02
-1.09 0.02
-1.07 0.02
-1.05 0.02
-1.03 0.02
-1.01 0.02
-0.99 0.02
-0.97 0.02
-0.95 0.02
-0.93 0.02
-0.91 0.02
-0.89 0.02
-0.87 0.02
-0.85 0.02
-0.83 0.02
-0.81 0.02
-0.79 0.02
-0.77 0.02
-0.75 0.02
-0.73 0.02
-0.71 0.02
-0.69 0.02
-0.67 0.02
-0.65 0.02
-0.63 0.02
-0.61 0.02
-0.59 0.02
-0.57 0.02
-0.55 0.02
-0.53 0.02
-0.51 0.02
-0.49 0.02
-0.47 0.02
-0.45 0.02
-0.43 0.02
-0.41 0.02
-0.39 0.02
-0.37 0.02
-0.35 0.02
-0.33 0.02
-0.31 0.02
-0.29 0.02
-0.27 0.02
-0.25 0.02
-0.23 0.02
-0.21 0.02
-0.19 0.02
-0.17 0.02
-0.15 0.02
-0.13 0.02
-0.11 0.02
-0.09 0.02
-0.07 0.02
-0.05 0.02
-0.03 0.02
-0.01 0.02
0.01 0.02
0.03 0.02
0.05 0.02
0.07 0.02
0.09 0.02
0.11 0.02
0.13 0.02
0.15 0.02
0.17 0.02
0.19 0.02
0.21 0.02
0.23 0.02
0.25 0.02
0.27 0.02
0.29 0.02
0.31 0.02
0.33 0.02
0.35 0.02
0.37 0.02
0.39 0.02
0.41 0.02
0.43 0.02
0.45 0.02
0.47 0.02
0.49 0.02
0.51 0.02
0.53 0.02
0.55 0.02
0.57 0.02
0.59 0.02
0.61 0.02
0.63 0.02
0.65 0.02
0.67 0.02
0.69 0.02
0.71 0.02
0.73 0.02
0.75 0.02
0.77 0.02
0.79 0.02
0.81 0.02
0.83 0.02
0.85 0.02
0.87 0.02
0.89 0.02
0.91 0.02
0.93 0.02
0.95 0.02
0.97 0.02
0.99 0.02
1.01 0.02
1.03 0.02
1.05 0.02
1.07 0.02
1.09 0.02
1.11 0.02
1.13 0.02
1.15 0.02
1.17 0.02
1.19 0.02
1.21 0.02
1.23 0.02
1.25 0.02
1.27 0.02
1.29 0.02
1.31 0.02
1.33 0.02
1.35 0.02
1.37 0.02
1.39 0.02
1.41 0.02
1.43 0.02
1.45 0.02
1.47 0.02
1.49 0.02
1.51 0.02
1.53 0.02
1.55 0.02
1.57 0.02
1.59 0.02
1.61 0.02
1.63 0.02
1.65 0.02
1.67 0.02
1.69 0.02
1.71 0.02
1.73 0.02
1.75 0.02
1.77 0.02
1.79 0.02
1.81 0.02
1.83 0.02
1.85 0.02
1.87 0.02
1.89 0.02
1.91 0.02
1.93 0.02
1.95 0.02
1.97 0.02
1.99 0.02
2.01001 0.0200105
2.03051 0.0210076
2.05204 0.0220367
2.0746 0.0230968
2.09824 0.0241866
2.12299 0.0253044
2.14887 0.0264484
2.1759 0.0276163
2.20411 0.0288054
2.23352 0.0300127
2.26414 0.0312349
2.29599 0.0324682
2.32908 0.0337084
2.36341 0.0349511
2.39898 0.0361913
2.43579 0.0374239
2.47382 0.0386434
2.51307 0.0398438
2.5535 0.0410192
2.59509 0.0421633
2.63781 0.0432698
2.68161 0.0443322
2.72645 0.0453439
2.77227 0.0462987
2.81901 0.0471903
2.86661 0.0480126
2.915 0.04876
2.96409 0.0494272
3.01381 0.0500091
3.06407 0.0505017
3.11477 0.050901
3.16582 0.0512041
3.21713 0.0514086
3.26859 0.0515129
3.3201 0.0515163
3.37157 0.0514186
3.42289 0.0512207
3.47396 0.050924
3.52469 0.050531
3.57498 0.0500445
3.62478 0.049558
3.67409 0.0490716
-0.00553984 0.00353916
-0.00188513 0.00377026
0.00200068 0.00400135
0.00611758 0.00423245
0.0104714 0.00447517
0.0150739 0.00472988
0.0199373 0.00499695
0.0250742 0.00527669
0.0304972 0.00556942
0.0362196 0.00587541
0.0422548 0.0061949
0.0486163 0.00652809
0.0553179 0.00687511
0.0623734 0.00723606
0.0697969 0.00761094
0.0776023 0.00799971
0.0858032 0.00840222
0.0944135 0.00881825
0.103446 0.00924746
0.112915 0.0096894
0.122831 0.0101435
0.133208 0.0106092
0.144055 0.0110854
0.155383 0.0115715
0.167202 0.0120661
0.179519 0.012568
0.192341 0.0130759
0.205673 0.0135882
0.219519 0.0141031
0.23388 0.0146187
0.248756 0.0151331
0.264144 0.0156441
0.280041 0.0161493
0.296439 0.0166463
0.313328 0.0171328
0.330698 0.017606
0.348532 0.0180633
0.366815 0.0185021
0.385526 0.0189198
0.404643 0.0193136
0.42415 0.0197006
0.444 0.02
0.464 0.02
0.484 0.02
0.504 0.02
0.524 0.02
0.544 0.02
0.564 0.02
0.584 0.02
0.604 0.02
0.624 0.02
0.644 0.02
0.664 0.02
0.684 0.02
0.704 0.02
0.724 0.02
0.744 0.02
0.764 0.02
0.784 0.02
0.804 0.02
0.824 0.02
0.844 0.02
0.864 0.02
0.884 0.02
0.904 0.02
0.924 0.02
0.944 0.02
0.964 0.02
0.984 0.02
1.004 0.02
1.024 0.02
1.044 0.02
1.064 0.02
1.084 0.02
1.104 0.02
1.124 0.02
1.144 0.02
1.164 0.02
1.184 0.02
1.204 0.02
1.224 0.02
1.244 0.02
1.264 0.02
1.284 0.02
1.304 0.02
1.324 0.02
1.344 0.02
1.364 0.02
1.384 0.02
1.404 0.02
1.424 0.02
1.444 0.02
1.464 0.02
1.484 0.02
1.504 0.02
1.524 0.02
1.544 0.02
1.564 0.02
1.584 0.02
1.604 0.02
1.624 0.02
1.644 0.02
1.664 0.02
1.684 0.02
1.704 0.02
1.724 0.02
1.744 0.02
1.764 0.02
1.784 0.02
1.804 0.02
1.824 0.02
1.844 0.02
1.864 0.02
1.884 0.02
1.904 0.02
1.924 0.02
1.944 0.02
1.964 0.02
1.984 0.02
2.004 0.02
2.024 0.02
2.044 0.02
2.064 0.02
2.084 0.02
2.104 0.02
2.124 0.02
2.144 0.02
2.164 0.02
2.184 0.02
2.204 0.02
2.224 0.02
2.244 0.02
2.264 0.02
2.284 0.02
2.304 0.02
2.324 0.02
2.344 0.02
2.364 0.02
2.384 0.02
2.404 0.02
2.424 0.02
2.444 0.02
2.464 0.02
2.484 0.02
2.504 0.02
2.524 0.02
2.544 0.02
2.564 0.02
2.584 0.02
2.604 0.02
2.624 0.02
2.644 0.02
2.664 0.02
2.684 0.02
2.704 0.02
2.724 0.02
2.744 0.02
2.764 0.02
2.784 0.02
2.804 0.02
2.824 0.02
2.844 0.02
2.864 0.02
2.884 0.02
2.904 0.02
2.924 0.02
2.944 0.02
2.964 0.02
2.984 0.02
3.004 0.02
3.024 0.02
3.044 0.02
3.064 0.02
3.084 0.02
3.104 0.02
3.124 0.02
3.144 0.02
3.164 0.02
3.184 0.02
3.204 0.02
3.224 0.02
3.244 0.02
3.264 0.02
3.284 0.02
3.304 0.02
3.324 0.02
3.344 0.02
3.364 0.02
3.384 0.02
3.404 0.02
3.424 0.02
3.444 0.02
3.464 0.02
3.484 0.02
