301
-1.000000000000000e+1
-9.900000000000000e+0
-9.800000000000001e+0
-9.700000000000001e+0
-9.600000000000001e+0
-9.500000000000002e+0
-9.400000000000002e+0
-9.300000000000002e+0
-9.200000000000003e+0
-9.100000000000003e+0
-9.000000000000004e+0
-8.900000000000004e+0
-8.800000000000004e+0
-8.700000000000005e+0
-8.600000000000005e+0
-8.500000000000005e+0
-8.400000000000006e+0
-8.300000000000006e+0
-8.200000000000006e+0
-8.100000000000007e+0
-8.000000000000007e+0
-7.900000000000007e+0
-7.800000000000008e+0
-7.700000000000008e+0
-7.600000000000009e+0
-7.500000000000009e+0
-7.400000000000009e+0
-7.300000000000010e+0
-7.200000000000010e+0
-7.100000000000010e+0
-7.000000000000011e+0
-6.900000000000011e+0
-6.800000000000011e+0
-6.700000000000012e+0
-6.600000000000012e+0
-6.500000000000012e+0
-6.400000000000013e+0
-6.300000000000013e+0
-6.200000000000014e+0
-6.100000000000014e+0
-6.000000000000014e+0
-5.900000000000015e+0
-5.800000000000015e+0
-5.700000000000015e+0
-5.600000000000016e+0
-5.500000000000016e+0
-5.400000000000016e+0
-5.300000000000017e+0
-5.200000000000017e+0
-5.100000000000017e+0
-5.000000000000018e+0
-4.900000000000018e+0
-4.800000000000018e+0
-4.700000000000019e+0
-4.600000000000019e+0
-4.500000000000020e+0
-4.400000000000020e+0
-4.300000000000020e+0
-4.200000000000021e+0
-4.100000000000021e+0
-4.000000000000021e+0
-3.900000000000021e+0
-3.800000000000021e+0
-3.700000000000021e+0
-3.600000000000021e+0
-3.500000000000021e+0
-3.400000000000021e+0
-3.300000000000021e+0
-3.200000000000021e+0
-3.100000000000021e+0
-3.000000000000020e+0
-2.900000000000020e+0
-2.800000000000020e+0
-2.700000000000020e+0
-2.600000000000020e+0
-2.500000000000020e+0
-2.400000000000020e+0
-2.300000000000020e+0
-2.200000000000020e+0
-2.100000000000020e+0
-2.000000000000020e+0
-1.900000000000019e+0
-1.800000000000019e+0
-1.700000000000019e+0
-1.600000000000019e+0
-1.500000000000019e+0
-1.400000000000019e+0
-1.300000000000019e+0
-1.200000000000019e+0
-1.100000000000019e+0
-1.000000000000019e+0
-9.000000000000187e-1
-8.000000000000187e-1
-7.000000000000187e-1
-6.000000000000187e-1
-5.000000000000188e-1
-4.000000000000188e-1
-3.000000000000188e-1
-2.000000000000188e-1
-1.000000000000188e-1
-1.879052469178077e-14
9.999999999998122e-2
1.999999999999812e-1
2.999999999999812e-1
3.999999999999813e-1
4.999999999999812e-1
5.999999999999812e-1
6.999999999999812e-1
7.999999999999812e-1
8.999999999999811e-1
9.999999999999811e-1
1.099999999999981e+0
1.199999999999981e+0
1.299999999999981e+0
1.399999999999981e+0
1.499999999999982e+0
1.599999999999982e+0
1.699999999999982e+0
1.799999999999982e+0
1.899999999999982e+0
1.999999999999982e+0
2.099999999999982e+0
2.199999999999982e+0
2.299999999999982e+0
2.399999999999982e+0
2.499999999999982e+0
2.599999999999982e+0
2.699999999999982e+0
2.799999999999983e+0
2.899999999999983e+0
2.999999999999983e+0
3.099999999999983e+0
3.199999999999983e+0
3.299999999999983e+0
3.399999999999983e+0
3.499999999999983e+0
3.599999999999983e+0
3.699999999999983e+0
3.799999999999983e+0
3.899999999999983e+0
3.999999999999984e+0
4.099999999999984e+0
4.199999999999983e+0
4.299999999999983e+0
4.399999999999983e+0
4.499999999999982e+0
4.599999999999982e+0
4.699999999999982e+0
4.799999999999981e+0
4.899999999999981e+0
4.999999999999980e+0
5.099999999999980e+0
5.199999999999980e+0
5.299999999999979e+0
5.399999999999979e+0
5.499999999999979e+0
5.599999999999978e+0
5.699999999999978e+0
5.799999999999978e+0
5.899999999999977e+0
5.999999999999977e+0
6.099999999999977e+0
6.199999999999976e+0
6.299999999999976e+0
6.399999999999975e+0
6.499999999999975e+0
6.599999999999975e+0
6.699999999999974e+0
6.799999999999974e+0
6.899999999999974e+0
6.999999999999973e+0
7.099999999999973e+0
7.199999999999973e+0
7.299999999999972e+0
7.399999999999972e+0
7.499999999999972e+0
7.599999999999971e+0
7.699999999999971e+0
7.799999999999971e+0
7.899999999999970e+0
7.999999999999970e+0
8.099999999999969e+0
8.199999999999969e+0
8.299999999999969e+0
8.399999999999968e+0
8.499999999999968e+0
8.599999999999968e+0
8.699999999999967e+0
8.799999999999967e+0
8.899999999999967e+0
8.999999999999966e+0
9.099999999999966e+0
9.199999999999966e+0
9.299999999999965e+0
9.399999999999965e+0
9.499999999999964e+0
9.599999999999964e+0
9.699999999999964e+0
9.799999999999963e+0
9.899999999999963e+0
9.999999999999963e+0
1.009999999999996e+1
1.019999999999996e+1
1.029999999999996e+1
1.039999999999996e+1
1.049999999999996e+1
1.059999999999996e+1
1.069999999999996e+1
1.079999999999996e+1
1.089999999999996e+1
1.099999999999996e+1
1.109999999999996e+1
1.119999999999996e+1
1.129999999999996e+1
1.139999999999996e+1
1.149999999999996e+1
1.159999999999996e+1
1.169999999999996e+1
1.179999999999996e+1
1.189999999999996e+1
1.199999999999996e+1
1.209999999999996e+1
1.219999999999995e+1
1.229999999999995e+1
1.239999999999995e+1
1.249999999999995e+1
1.259999999999995e+1
1.269999999999995e+1
1.279999999999995e+1
1.289999999999995e+1
1.299999999999995e+1
1.309999999999995e+1
1.319999999999995e+1
1.329999999999995e+1
1.339999999999995e+1
1.349999999999995e+1
1.359999999999995e+1
1.369999999999995e+1
1.379999999999995e+1
1.389999999999995e+1
1.399999999999995e+1
1.409999999999995e+1
1.419999999999995e+1
1.429999999999995e+1
1.439999999999995e+1
1.449999999999995e+1
1.459999999999995e+1
1.469999999999995e+1
1.479999999999995e+1
1.489999999999995e+1
1.499999999999994e+1
1.509999999999994e+1
1.519999999999994e+1
1.529999999999994e+1
1.539999999999994e+1
1.549999999999994e+1
1.559999999999994e+1
1.569999999999994e+1
1.579999999999994e+1
1.589999999999994e+1
1.599999999999994e+1
1.609999999999994e+1
1.619999999999994e+1
1.629999999999994e+1
1.639999999999995e+1
1.649999999999995e+1
1.659999999999995e+1
1.669999999999995e+1
1.679999999999995e+1
1.689999999999995e+1
1.699999999999995e+1
1.709999999999996e+1
1.719999999999996e+1
1.729999999999996e+1
1.739999999999996e+1
1.749999999999996e+1
1.759999999999996e+1
1.769999999999996e+1
1.779999999999997e+1
1.789999999999997e+1
1.799999999999997e+1
1.809999999999997e+1
1.819999999999997e+1
1.829999999999997e+1
1.839999999999997e+1
1.849999999999998e+1
1.859999999999998e+1
1.869999999999998e+1
1.879999999999998e+1
1.889999999999998e+1
1.899999999999998e+1
1.909999999999998e+1
1.919999999999999e+1
1.929999999999999e+1
1.939999999999999e+1
1.949999999999999e+1
1.959999999999999e+1
1.969999999999999e+1
1.979999999999999e+1
1.990000000000000e+1
2.000000000000000e+1
