73
-3.600000000000000e+0
-3.500000000000000e+0
-3.400000000000000e+0
-3.300000000000000e+0
-3.200000000000000e+0
-3.100000000000000e+0
-3.000000000000000e+0
-2.899999999999999e+0
-2.799999999999999e+0
-2.699999999999999e+0
-2.599999999999999e+0
-2.499999999999999e+0
-2.399999999999999e+0
-2.299999999999999e+0
-2.199999999999999e+0
-2.099999999999999e+0
-1.999999999999999e+0
-1.899999999999999e+0
-1.799999999999998e+0
-1.699999999999998e+0
-1.599999999999998e+0
-1.499999999999998e+0
-1.399999999999998e+0
-1.299999999999998e+0
-1.199999999999998e+0
-1.099999999999998e+0
-9.999999999999979e-1
-8.999999999999979e-1
-7.999999999999979e-1
-6.999999999999980e-1
-5.999999999999980e-1
-4.999999999999980e-1
-3.999999999999980e-1
-2.999999999999980e-1
-1.999999999999980e-1
-9.999999999999803e-2
1.970645868709653e-15
1.000000000000020e-1
2.000000000000020e-1
3.000000000000020e-1
4.000000000000020e-1
5.000000000000020e-1
6.000000000000020e-1
7.000000000000020e-1
8.000000000000019e-1
9.000000000000019e-1
1.000000000000002e+0
1.100000000000002e+0
1.200000000000002e+0
1.300000000000002e+0
1.400000000000002e+0
1.500000000000002e+0
1.600000000000003e+0
1.700000000000003e+0
1.800000000000003e+0
1.900000000000003e+0
2.000000000000003e+0
2.100000000000003e+0
2.200000000000003e+0
2.300000000000003e+0
2.400000000000003e+0
2.500000000000003e+0
2.600000000000003e+0
2.700000000000003e+0
2.800000000000003e+0
2.900000000000003e+0
3.000000000000004e+0
3.100000000000004e+0
3.200000000000004e+0
3.300000000000004e+0
3.400000000000004e+0
3.500000000000004e+0
3.600000000000000e+0
