43
0.000000000000000e+0
9.990344644691845e-3
2.194873443017403e-2
3.630447790929653e-2
5.359836473360945e-2
7.451943890808925e-2
9.995746563075938e-2
1.310795834418045e-1
1.694453317094990e-1
2.171846334370621e-1
2.772831179542060e-1
3.540589258032721e-1
4.540000000000000e-1
5.540000000000000e-1
6.540000000000000e-1
7.540000000000000e-1
8.540000000000001e-1
9.540000000000000e-1
1.054000000000000e+0
1.154000000000000e+0
1.254000000000000e+0
1.354000000000000e+0
1.454000000000000e+0
1.554000000000000e+0
1.654000000000000e+0
1.754000000000000e+0
1.854000000000000e+0
1.954000000000000e+0
2.054000000000000e+0
2.154000000000000e+0
2.254000000000000e+0
2.354000000000000e+0
2.454000000000000e+0
2.554000000000000e+0
2.654000000000000e+0
2.754000000000000e+0
2.854000000000001e+0
2.954000000000000e+0
3.054000000000000e+0
3.154000000000000e+0
3.254000000000000e+0
3.354000000000000e+0
3.454000000000000e+0
