1361
-1.400000000000000e+1
-1.398000000000000e+1
-1.396000000000000e+1
-1.394000000000000e+1
-1.392000000000000e+1
-1.390000000000000e+1
-1.388000000000000e+1
-1.386000000000000e+1
-1.384000000000000e+1
-1.382000000000000e+1
-1.380000000000000e+1
-1.378000000000000e+1
-1.376000000000001e+1
-1.374000000000001e+1
-1.372000000000001e+1
-1.370000000000001e+1
-1.368000000000001e+1
-1.366000000000001e+1
-1.364000000000001e+1
-1.362000000000001e+1
-1.360000000000001e+1
-1.358000000000001e+1
-1.356000000000001e+1
-1.354000000000001e+1
-1.352000000000001e+1
-1.350000000000001e+1
-1.348000000000001e+1
-1.346000000000001e+1
-1.344000000000001e+1
-1.342000000000001e+1
-1.340000000000001e+1
-1.338000000000001e+1
-1.336000000000001e+1
-1.334000000000001e+1
-1.332000000000001e+1
-1.330000000000001e+1
-1.328000000000002e+1
-1.326000000000002e+1
-1.324000000000002e+1
-1.322000000000002e+1
-1.320000000000002e+1
-1.318000000000002e+1
-1.316000000000002e+1
-1.314000000000002e+1
-1.312000000000002e+1
-1.310000000000002e+1
-1.308000000000002e+1
-1.306000000000002e+1
-1.304000000000002e+1
-1.302000000000002e+1
-1.300000000000002e+1
-1.298000000000002e+1
-1.296000000000002e+1
-1.294000000000002e+1
-1.292000000000002e+1
-1.290000000000002e+1
-1.288000000000002e+1
-1.286000000000002e+1
-1.284000000000002e+1
-1.282000000000003e+1
-1.280000000000003e+1
-1.278000000000003e+1
-1.276000000000003e+1
-1.274000000000003e+1
-1.272000000000003e+1
-1.270000000000003e+1
-1.268000000000003e+1
-1.266000000000003e+1
-1.264000000000003e+1
-1.262000000000003e+1
-1.260000000000003e+1
-1.258000000000003e+1
-1.256000000000003e+1
-1.254000000000003e+1
-1.252000000000003e+1
-1.250000000000003e+1
-1.248000000000003e+1
-1.246000000000003e+1
-1.244000000000003e+1
-1.242000000000003e+1
-1.240000000000003e+1
-1.238000000000003e+1
-1.236000000000003e+1
-1.234000000000004e+1
-1.232000000000004e+1
-1.230000000000004e+1
-1.228000000000004e+1
-1.226000000000004e+1
-1.224000000000004e+1
-1.222000000000004e+1
-1.220000000000004e+1
-1.218000000000004e+1
-1.216000000000004e+1
-1.214000000000004e+1
-1.212000000000004e+1
-1.210000000000004e+1
-1.208000000000004e+1
-1.206000000000004e+1
-1.204000000000004e+1
-1.202000000000004e+1
-1.200000000000004e+1
-1.198000000000004e+1
-1.196000000000004e+1
-1.194000000000004e+1
-1.192000000000004e+1
-1.190000000000004e+1
-1.188000000000005e+1
-1.186000000000005e+1
-1.184000000000005e+1
-1.182000000000005e+1
-1.180000000000005e+1
-1.178000000000005e+1
-1.176000000000005e+1
-1.174000000000005e+1
-1.172000000000005e+1
-1.170000000000005e+1
-1.168000000000005e+1
-1.166000000000005e+1
-1.164000000000005e+1
-1.162000000000005e+1
-1.160000000000005e+1
-1.158000000000005e+1
-1.156000000000005e+1
-1.154000000000005e+1
-1.152000000000005e+1
-1.150000000000005e+1
-1.148000000000005e+1
-1.146000000000005e+1
-1.144000000000005e+1
-1.142000000000005e+1
-1.140000000000006e+1
-1.138000000000006e+1
-1.136000000000006e+1
-1.134000000000006e+1
-1.132000000000006e+1
-1.130000000000006e+1
-1.128000000000006e+1
-1.126000000000006e+1
-1.124000000000006e+1
-1.122000000000006e+1
-1.120000000000006e+1
-1.118000000000006e+1
-1.116000000000006e+1
-1.114000000000006e+1
-1.112000000000006e+1
-1.110000000000006e+1
-1.108000000000006e+1
-1.106000000000006e+1
-1.104000000000006e+1
-1.102000000000006e+1
-1.100000000000006e+1
-1.098000000000006e+1
-1.096000000000006e+1
-1.094000000000007e+1
-1.092000000000007e+1
-1.090000000000007e+1
-1.088000000000007e+1
-1.086000000000007e+1
-1.084000000000007e+1
-1.082000000000007e+1
-1.080000000000007e+1
-1.078000000000007e+1
-1.076000000000007e+1
-1.074000000000007e+1
-1.072000000000007e+1
-1.070000000000007e+1
-1.068000000000007e+1
-1.066000000000007e+1
-1.064000000000007e+1
-1.062000000000007e+1
-1.060000000000007e+1
-1.058000000000007e+1
-1.056000000000007e+1
-1.054000000000007e+1
-1.052000000000007e+1
-1.050000000000007e+1
-1.048000000000008e+1
-1.046000000000008e+1
-1.044000000000008e+1
-1.042000000000008e+1
-1.040000000000008e+1
-1.038000000000008e+1
-1.036000000000008e+1
-1.034000000000008e+1
-1.032000000000008e+1
-1.030000000000008e+1
-1.028000000000008e+1
-1.026000000000008e+1
-1.024000000000008e+1
-1.022000000000008e+1
-1.020000000000008e+1
-1.018000000000008e+1
-1.016000000000008e+1
-1.014000000000008e+1
-1.012000000000008e+1
-1.010000000000008e+1
-1.008000000000008e+1
-1.006000000000008e+1
-1.004000000000008e+1
-1.002000000000008e+1
-1.000000000000009e+1
-9.980000000000086e+0
-9.960000000000086e+0
-9.940000000000087e+0
-9.920000000000087e+0
-9.900000000000087e+0
-9.880000000000088e+0
-9.860000000000088e+0
-9.840000000000089e+0
-9.820000000000089e+0
-9.800000000000090e+0
-9.780000000000090e+0
-9.760000000000090e+0
-9.740000000000091e+0
-9.720000000000091e+0
-9.700000000000092e+0
-9.680000000000092e+0
-9.660000000000093e+0
-9.640000000000093e+0
-9.620000000000093e+0
-9.600000000000094e+0
-9.580000000000094e+0
-9.560000000000095e+0
-9.540000000000095e+0
-9.520000000000095e+0
-9.500000000000096e+0
-9.480000000000096e+0
-9.460000000000097e+0
-9.440000000000097e+0
-9.420000000000098e+0
-9.400000000000098e+0
-9.380000000000098e+0
-9.360000000000099e+0
-9.340000000000099e+0
-9.320000000000100e+0
-9.300000000000100e+0
-9.280000000000101e+0
-9.260000000000101e+0
-9.240000000000101e+0
-9.220000000000102e+0
-9.200000000000102e+0
-9.180000000000103e+0
-9.160000000000103e+0
-9.140000000000104e+0
-9.120000000000104e+0
-9.100000000000104e+0
-9.080000000000105e+0
-9.060000000000105e+0
-9.040000000000106e+0
-9.020000000000106e+0
-9.000000000000107e+0
-8.980000000000107e+0
-8.960000000000107e+0
-8.940000000000108e+0
-8.920000000000108e+0
-8.900000000000109e+0
-8.880000000000109e+0
-8.860000000000110e+0
-8.840000000000110e+0
-8.820000000000110e+0
-8.800000000000111e+0
-8.780000000000111e+0
-8.760000000000112e+0
-8.740000000000112e+0
-8.720000000000113e+0
-8.700000000000113e+0
-8.680000000000113e+0
-8.660000000000114e+0
-8.640000000000114e+0
-8.620000000000115e+0
-8.600000000000115e+0
-8.580000000000116e+0
-8.560000000000116e+0
-8.540000000000116e+0
-8.520000000000117e+0
-8.500000000000117e+0
-8.480000000000118e+0
-8.460000000000118e+0
-8.440000000000119e+0
-8.420000000000119e+0
-8.400000000000119e+0
-8.380000000000120e+0
-8.360000000000120e+0
-8.340000000000121e+0
-8.320000000000121e+0
-8.300000000000122e+0
-8.280000000000122e+0
-8.260000000000122e+0
-8.240000000000123e+0
-8.220000000000123e+0
-8.200000000000124e+0
-8.180000000000124e+0
-8.160000000000124e+0
-8.140000000000125e+0
-8.120000000000125e+0
-8.100000000000126e+0
-8.080000000000126e+0
-8.060000000000127e+0
-8.040000000000127e+0
-8.020000000000127e+0
-8.000000000000128e+0
-7.980000000000128e+0
-7.960000000000129e+0
-7.940000000000129e+0
-7.920000000000130e+0
-7.900000000000130e+0
-7.880000000000130e+0
-7.860000000000131e+0
-7.840000000000131e+0
-7.820000000000132e+0
-7.800000000000132e+0
-7.780000000000133e+0
-7.760000000000133e+0
-7.740000000000133e+0
-7.720000000000134e+0
-7.700000000000134e+0
-7.680000000000135e+0
-7.660000000000135e+0
-7.640000000000136e+0
-7.620000000000136e+0
-7.600000000000136e+0
-7.580000000000137e+0
-7.560000000000137e+0
-7.540000000000138e+0
-7.520000000000138e+0
-7.500000000000139e+0
-7.480000000000139e+0
-7.460000000000139e+0
-7.440000000000140e+0
-7.420000000000140e+0
-7.400000000000141e+0
-7.380000000000141e+0
-7.360000000000142e+0
-7.340000000000142e+0
-7.320000000000142e+0
-7.300000000000143e+0
-7.280000000000143e+0
-7.260000000000144e+0
-7.240000000000144e+0
-7.220000000000145e+0
-7.200000000000145e+0
-7.180000000000145e+0
-7.160000000000146e+0
-7.140000000000146e+0
-7.120000000000147e+0
-7.100000000000147e+0
-7.080000000000148e+0
-7.060000000000148e+0
-7.040000000000148e+0
-7.020000000000149e+0
-7.000000000000149e+0
-6.980000000000150e+0
-6.960000000000150e+0
-6.940000000000150e+0
-6.920000000000151e+0
-6.900000000000151e+0
-6.880000000000152e+0
-6.860000000000152e+0
-6.840000000000153e+0
-6.820000000000153e+0
-6.800000000000153e+0
-6.780000000000154e+0
-6.760000000000154e+0
-6.740000000000155e+0
-6.720000000000155e+0
-6.700000000000156e+0
-6.680000000000156e+0
-6.660000000000156e+0
-6.640000000000157e+0
-6.620000000000157e+0
-6.600000000000158e+0
-6.580000000000158e+0
-6.560000000000159e+0
-6.540000000000159e+0
-6.520000000000159e+0
-6.500000000000160e+0
-6.480000000000160e+0
-6.460000000000161e+0
-6.440000000000161e+0
-6.420000000000162e+0
-6.400000000000162e+0
-6.380000000000162e+0
-6.360000000000163e+0
-6.340000000000163e+0
-6.320000000000164e+0
-6.300000000000164e+0
-6.280000000000165e+0
-6.260000000000165e+0
-6.240000000000165e+0
-6.220000000000166e+0
-6.200000000000166e+0
-6.180000000000167e+0
-6.160000000000167e+0
-6.140000000000168e+0
-6.120000000000168e+0
-6.100000000000168e+0
-6.080000000000169e+0
-6.060000000000169e+0
-6.040000000000170e+0
-6.020000000000170e+0
-6.000000000000171e+0
-5.980000000000171e+0
-5.960000000000171e+0
-5.940000000000172e+0
-5.920000000000172e+0
-5.900000000000173e+0
-5.880000000000173e+0
-5.860000000000174e+0
-5.840000000000174e+0
-5.820000000000174e+0
-5.800000000000175e+0
-5.780000000000175e+0
-5.760000000000176e+0
-5.740000000000176e+0
-5.720000000000176e+0
-5.700000000000177e+0
-5.680000000000177e+0
-5.660000000000178e+0
-5.640000000000178e+0
-5.620000000000179e+0
-5.600000000000179e+0
-5.580000000000179e+0
-5.560000000000180e+0
-5.540000000000180e+0
-5.520000000000181e+0
-5.500000000000181e+0
-5.480000000000182e+0
-5.460000000000182e+0
-5.440000000000182e+0
-5.420000000000183e+0
-5.400000000000183e+0
-5.380000000000184e+0
-5.360000000000184e+0
-5.340000000000185e+0
-5.320000000000185e+0
-5.300000000000185e+0
-5.280000000000186e+0
-5.260000000000186e+0
-5.240000000000187e+0
-5.220000000000187e+0
-5.200000000000188e+0
-5.180000000000188e+0
-5.160000000000188e+0
-5.140000000000189e+0
-5.120000000000189e+0
-5.100000000000190e+0
-5.080000000000190e+0
-5.060000000000191e+0
-5.040000000000191e+0
-5.020000000000191e+0
-5.000000000000192e+0
-4.980000000000192e+0
-4.960000000000193e+0
-4.940000000000193e+0
-4.920000000000194e+0
-4.900000000000194e+0
-4.880000000000194e+0
-4.860000000000195e+0
-4.840000000000195e+0
-4.820000000000196e+0
-4.800000000000196e+0
-4.780000000000197e+0
-4.760000000000197e+0
-4.740000000000197e+0
-4.720000000000198e+0
-4.700000000000198e+0
-4.680000000000199e+0
-4.660000000000199e+0
-4.640000000000200e+0
-4.620000000000200e+0
-4.600000000000200e+0
-4.580000000000201e+0
-4.560000000000201e+0
-4.540000000000202e+0
-4.520000000000202e+0
-4.500000000000203e+0
-4.480000000000203e+0
-4.460000000000203e+0
-4.440000000000204e+0
-4.420000000000204e+0
-4.400000000000205e+0
-4.380000000000205e+0
-4.360000000000205e+0
-4.340000000000206e+0
-4.320000000000206e+0
-4.300000000000207e+0
-4.280000000000207e+0
-4.260000000000208e+0
-4.240000000000208e+0
-4.220000000000208e+0
-4.200000000000209e+0
-4.180000000000209e+0
-4.160000000000210e+0
-4.140000000000210e+0
-4.120000000000211e+0
-4.100000000000211e+0
-4.080000000000211e+0
-4.060000000000212e+0
-4.040000000000212e+0
-4.020000000000213e+0
-4.000000000000213e+0
-3.980000000000213e+0
-3.960000000000213e+0
-3.940000000000213e+0
-3.920000000000213e+0
-3.900000000000213e+0
-3.880000000000213e+0
-3.860000000000213e+0
-3.840000000000213e+0
-3.820000000000213e+0
-3.800000000000213e+0
-3.780000000000213e+0
-3.760000000000213e+0
-3.740000000000213e+0
-3.720000000000213e+0
-3.700000000000213e+0
-3.680000000000213e+0
-3.660000000000213e+0
-3.640000000000213e+0
-3.620000000000213e+0
-3.600000000000213e+0
-3.580000000000213e+0
-3.560000000000213e+0
-3.540000000000213e+0
-3.520000000000213e+0
-3.500000000000213e+0
-3.480000000000213e+0
-3.460000000000213e+0
-3.440000000000213e+0
-3.420000000000213e+0
-3.400000000000213e+0
-3.380000000000213e+0
-3.360000000000213e+0
-3.340000000000213e+0
-3.320000000000213e+0
-3.300000000000213e+0
-3.280000000000213e+0
-3.260000000000213e+0
-3.240000000000212e+0
-3.220000000000212e+0
-3.200000000000212e+0
-3.180000000000212e+0
-3.160000000000212e+0
-3.140000000000212e+0
-3.120000000000212e+0
-3.100000000000212e+0
-3.080000000000212e+0
-3.060000000000212e+0
-3.040000000000212e+0
-3.020000000000212e+0
-3.000000000000212e+0
-2.980000000000212e+0
-2.960000000000212e+0
-2.940000000000212e+0
-2.920000000000212e+0
-2.900000000000212e+0
-2.880000000000212e+0
-2.860000000000212e+0
-2.840000000000212e+0
-2.820000000000212e+0
-2.800000000000212e+0
-2.780000000000212e+0
-2.760000000000212e+0
-2.740000000000212e+0
-2.720000000000212e+0
-2.700000000000212e+0
-2.680000000000212e+0
-2.660000000000212e+0
-2.640000000000212e+0
-2.620000000000212e+0
-2.600000000000212e+0
-2.580000000000212e+0
-2.560000000000212e+0
-2.540000000000212e+0
-2.520000000000212e+0
-2.500000000000212e+0
-2.480000000000212e+0
-2.460000000000212e+0
-2.440000000000212e+0
-2.420000000000212e+0
-2.400000000000212e+0
-2.380000000000212e+0
-2.360000000000212e+0
-2.340000000000212e+0
-2.320000000000212e+0
-2.300000000000212e+0
-2.280000000000212e+0
-2.260000000000212e+0
-2.240000000000212e+0
-2.220000000000212e+0
-2.200000000000212e+0
-2.180000000000212e+0
-2.160000000000212e+0
-2.140000000000212e+0
-2.120000000000211e+0
-2.100000000000211e+0
-2.080000000000211e+0
-2.060000000000211e+0
-2.040000000000211e+0
-2.020000000000211e+0
-2.000000000000211e+0
-1.980000000000211e+0
-1.960000000000211e+0
-1.940000000000211e+0
-1.920000000000211e+0
-1.900000000000211e+0
-1.880000000000211e+0
-1.860000000000211e+0
-1.840000000000211e+0
-1.820000000000211e+0
-1.800000000000211e+0
-1.780000000000211e+0
-1.760000000000211e+0
-1.740000000000211e+0
-1.720000000000211e+0
-1.700000000000211e+0
-1.680000000000211e+0
-1.660000000000211e+0
-1.640000000000211e+0
-1.620000000000211e+0
-1.600000000000211e+0
-1.580000000000211e+0
-1.560000000000211e+0
-1.540000000000211e+0
-1.520000000000211e+0
-1.500000000000211e+0
-1.480000000000211e+0
-1.460000000000211e+0
-1.440000000000211e+0
-1.420000000000211e+0
-1.400000000000211e+0
-1.380000000000211e+0
-1.360000000000211e+0
-1.340000000000211e+0
-1.320000000000211e+0
-1.300000000000211e+0
-1.280000000000211e+0
-1.260000000000211e+0
-1.240000000000211e+0
-1.220000000000211e+0
-1.200000000000211e+0
-1.180000000000211e+0
-1.160000000000211e+0
-1.140000000000211e+0
-1.120000000000211e+0
-1.100000000000211e+0
-1.080000000000211e+0
-1.060000000000211e+0
-1.040000000000211e+0
-1.020000000000211e+0
-1.000000000000210e+0
-9.800000000002105e-1
-9.600000000002105e-1
-9.400000000002104e-1
-9.200000000002104e-1
-9.000000000002104e-1
-8.800000000002104e-1
-8.600000000002104e-1
-8.400000000002104e-1
-8.200000000002103e-1
-8.000000000002103e-1
-7.800000000002103e-1
-7.600000000002103e-1
-7.400000000002103e-1
-7.200000000002102e-1
-7.000000000002102e-1
-6.800000000002102e-1
-6.600000000002102e-1
-6.400000000002102e-1
-6.200000000002102e-1
-6.000000000002101e-1
-5.800000000002101e-1
-5.600000000002101e-1
-5.400000000002101e-1
-5.200000000002101e-1
-5.000000000002101e-1
-4.800000000002100e-1
-4.600000000002100e-1
-4.400000000002100e-1
-4.200000000002100e-1
-4.000000000002100e-1
-3.800000000002099e-1
-3.600000000002099e-1
-3.400000000002099e-1
-3.200000000002099e-1
-3.000000000002099e-1
-2.800000000002099e-1
-2.600000000002098e-1
-2.400000000002099e-1
-2.200000000002099e-1
-2.000000000002099e-1
-1.800000000002099e-1
-1.600000000002099e-1
-1.400000000002099e-1
-1.200000000002099e-1
-1.000000000002099e-1
-8.000000000020989e-2
-6.000000000020989e-2
-4.000000000020988e-2
-2.000000000020988e-2
-2.098807239114819e-13
1.999999999979012e-2
3.999999999979012e-2
5.999999999979012e-2
7.999999999979013e-2
9.999999999979013e-2
1.199999999997901e-1
1.399999999997901e-1
1.599999999997901e-1
1.799999999997901e-1
1.999999999997901e-1
2.199999999997901e-1
2.399999999997901e-1
2.599999999997901e-1
2.799999999997901e-1
2.999999999997901e-1
3.199999999997901e-1
3.399999999997901e-1
3.599999999997902e-1
3.799999999997902e-1
3.999999999997902e-1
4.199999999997902e-1
4.399999999997902e-1
4.599999999997902e-1
4.799999999997903e-1
4.999999999997903e-1
5.199999999997903e-1
5.399999999997903e-1
5.599999999997903e-1
5.799999999997903e-1
5.999999999997904e-1
6.199999999997904e-1
6.399999999997904e-1
6.599999999997904e-1
6.799999999997904e-1
6.999999999997905e-1
7.199999999997905e-1
7.399999999997905e-1
7.599999999997905e-1
7.799999999997905e-1
7.999999999997905e-1
8.199999999997906e-1
8.399999999997906e-1
8.599999999997906e-1
8.799999999997906e-1
8.999999999997906e-1
9.199999999997907e-1
9.399999999997907e-1
9.599999999997907e-1
9.799999999997907e-1
9.999999999997907e-1
1.019999999999791e+0
1.039999999999791e+0
1.059999999999791e+0
1.079999999999791e+0
1.099999999999791e+0
1.119999999999791e+0
1.139999999999791e+0
1.159999999999791e+0
1.179999999999791e+0
1.199999999999791e+0
1.219999999999791e+0
1.239999999999791e+0
1.259999999999791e+0
1.279999999999791e+0
1.299999999999791e+0
1.319999999999791e+0
1.339999999999791e+0
1.359999999999791e+0
1.379999999999791e+0
1.399999999999791e+0
1.419999999999791e+0
1.439999999999791e+0
1.459999999999791e+0
1.479999999999791e+0
1.499999999999791e+0
1.519999999999791e+0
1.539999999999791e+0
1.559999999999791e+0
1.579999999999791e+0
1.599999999999791e+0
1.619999999999791e+0
1.639999999999791e+0
1.659999999999791e+0
1.679999999999791e+0
1.699999999999791e+0
1.719999999999791e+0
1.739999999999791e+0
1.759999999999791e+0
1.779999999999791e+0
1.799999999999791e+0
1.819999999999791e+0
1.839999999999791e+0
1.859999999999791e+0
1.879999999999791e+0
1.899999999999791e+0
1.919999999999791e+0
1.939999999999791e+0
1.959999999999791e+0
1.979999999999791e+0
1.999999999999792e+0
2.019999999999791e+0
2.039999999999791e+0
2.059999999999791e+0
2.079999999999791e+0
2.099999999999791e+0
2.119999999999791e+0
2.139999999999791e+0
2.159999999999791e+0
2.179999999999791e+0
2.199999999999791e+0
2.219999999999791e+0
2.239999999999791e+0
2.259999999999792e+0
2.279999999999792e+0
2.299999999999792e+0
2.319999999999792e+0
2.339999999999792e+0
2.359999999999792e+0
2.379999999999792e+0
2.399999999999792e+0
2.419999999999792e+0
2.439999999999792e+0
2.459999999999792e+0
2.479999999999792e+0
2.499999999999792e+0
2.519999999999792e+0
2.539999999999792e+0
2.559999999999792e+0
2.579999999999792e+0
2.599999999999792e+0
2.619999999999792e+0
2.639999999999792e+0
2.659999999999792e+0
2.679999999999792e+0
2.699999999999792e+0
2.719999999999792e+0
2.739999999999792e+0
2.759999999999792e+0
2.779999999999792e+0
2.799999999999792e+0
2.819999999999792e+0
2.839999999999792e+0
2.859999999999792e+0
2.879999999999792e+0
2.899999999999792e+0
2.919999999999792e+0
2.939999999999792e+0
2.959999999999792e+0
2.979999999999792e+0
2.999999999999792e+0
3.019999999999792e+0
3.039999999999792e+0
3.059999999999792e+0
3.079999999999792e+0
3.099999999999792e+0
3.119999999999792e+0
3.139999999999792e+0
3.159999999999792e+0
3.179999999999792e+0
3.199999999999792e+0
3.219999999999792e+0
3.239999999999792e+0
3.259999999999792e+0
3.279999999999792e+0
3.299999999999792e+0
3.319999999999792e+0
3.339999999999792e+0
3.359999999999792e+0
3.379999999999793e+0
3.399999999999793e+0
3.419999999999793e+0
3.439999999999793e+0
3.459999999999793e+0
3.479999999999793e+0
3.499999999999793e+0
3.519999999999793e+0
3.539999999999793e+0
3.559999999999793e+0
3.579999999999793e+0
3.599999999999793e+0
3.619999999999793e+0
3.639999999999793e+0
3.659999999999793e+0
3.679999999999793e+0
3.699999999999793e+0
3.719999999999793e+0
3.739999999999793e+0
3.759999999999793e+0
3.779999999999793e+0
3.799999999999793e+0
3.819999999999793e+0
3.839999999999793e+0
3.859999999999793e+0
3.879999999999793e+0
3.899999999999793e+0
3.919999999999793e+0
3.939999999999793e+0
3.959999999999793e+0
3.979999999999793e+0
3.999999999999793e+0
4.019999999999793e+0
4.039999999999792e+0
4.059999999999792e+0
4.079999999999791e+0
4.099999999999791e+0
4.119999999999790e+0
4.139999999999790e+0
4.159999999999790e+0
4.179999999999789e+0
4.199999999999789e+0
4.219999999999788e+0
4.239999999999788e+0
4.259999999999788e+0
4.279999999999787e+0
4.299999999999787e+0
4.319999999999786e+0
4.339999999999786e+0
4.359999999999785e+0
4.379999999999785e+0
4.399999999999785e+0
4.419999999999784e+0
4.439999999999784e+0
4.459999999999783e+0
4.479999999999783e+0
4.499999999999782e+0
4.519999999999782e+0
4.539999999999782e+0
4.559999999999781e+0
4.579999999999781e+0
4.599999999999780e+0
4.619999999999780e+0
4.639999999999779e+0
4.659999999999779e+0
4.679999999999779e+0
4.699999999999778e+0
4.719999999999778e+0
4.739999999999777e+0
4.759999999999777e+0
4.779999999999776e+0
4.799999999999776e+0
4.819999999999776e+0
4.839999999999775e+0
4.859999999999775e+0
4.879999999999774e+0
4.899999999999774e+0
4.919999999999773e+0
4.939999999999773e+0
4.959999999999773e+0
4.979999999999772e+0
4.999999999999772e+0
5.019999999999771e+0
5.039999999999771e+0
5.059999999999770e+0
5.079999999999770e+0
5.099999999999770e+0
5.119999999999769e+0
5.139999999999769e+0
5.159999999999768e+0
5.179999999999768e+0
5.199999999999767e+0
5.219999999999767e+0
5.239999999999767e+0
5.259999999999766e+0
5.279999999999766e+0
5.299999999999765e+0
5.319999999999765e+0
5.339999999999764e+0
5.359999999999764e+0
5.379999999999764e+0
5.399999999999763e+0
5.419999999999763e+0
5.439999999999762e+0
5.459999999999762e+0
5.479999999999762e+0
5.499999999999761e+0
5.519999999999761e+0
5.539999999999760e+0
5.559999999999760e+0
5.579999999999759e+0
5.599999999999759e+0
5.619999999999759e+0
5.639999999999758e+0
5.659999999999758e+0
5.679999999999757e+0
5.699999999999757e+0
5.719999999999756e+0
5.739999999999756e+0
5.759999999999756e+0
5.779999999999755e+0
5.799999999999755e+0
5.819999999999754e+0
5.839999999999754e+0
5.859999999999753e+0
5.879999999999753e+0
5.899999999999753e+0
5.919999999999752e+0
5.939999999999752e+0
5.959999999999751e+0
5.979999999999751e+0
5.999999999999750e+0
6.019999999999750e+0
6.039999999999750e+0
6.059999999999749e+0
6.079999999999749e+0
6.099999999999748e+0
6.119999999999748e+0
6.139999999999747e+0
6.159999999999747e+0
6.179999999999747e+0
6.199999999999746e+0
6.219999999999746e+0
6.239999999999745e+0
6.259999999999745e+0
6.279999999999744e+0
6.299999999999744e+0
6.319999999999744e+0
6.339999999999743e+0
6.359999999999743e+0
6.379999999999742e+0
6.399999999999742e+0
6.419999999999741e+0
6.439999999999741e+0
6.459999999999741e+0
6.479999999999740e+0
6.499999999999740e+0
6.519999999999739e+0
6.539999999999739e+0
6.559999999999738e+0
6.579999999999738e+0
6.599999999999738e+0
6.619999999999737e+0
6.639999999999737e+0
6.659999999999736e+0
6.679999999999736e+0
6.699999999999736e+0
6.719999999999735e+0
6.739999999999735e+0
6.759999999999734e+0
6.779999999999734e+0
6.799999999999733e+0
6.819999999999733e+0
6.839999999999733e+0
6.859999999999732e+0
6.879999999999732e+0
6.899999999999731e+0
6.919999999999731e+0
6.939999999999730e+0
6.959999999999730e+0
6.979999999999730e+0
6.999999999999729e+0
7.019999999999729e+0
7.039999999999728e+0
7.059999999999728e+0
7.079999999999727e+0
7.099999999999727e+0
7.119999999999727e+0
7.139999999999726e+0
7.159999999999726e+0
7.179999999999725e+0
7.199999999999725e+0
7.219999999999724e+0
7.239999999999724e+0
7.259999999999724e+0
7.279999999999723e+0
7.299999999999723e+0
7.319999999999722e+0
7.339999999999722e+0
7.359999999999721e+0
7.379999999999721e+0
7.399999999999721e+0
7.419999999999720e+0
7.439999999999720e+0
7.459999999999719e+0
7.479999999999719e+0
7.499999999999718e+0
7.519999999999718e+0
7.539999999999718e+0
7.559999999999717e+0
7.579999999999717e+0
7.599999999999716e+0
7.619999999999716e+0
7.639999999999715e+0
7.659999999999715e+0
7.679999999999715e+0
7.699999999999714e+0
7.719999999999714e+0
7.739999999999713e+0
7.759999999999713e+0
7.779999999999712e+0
7.799999999999712e+0
7.819999999999712e+0
7.839999999999711e+0
7.859999999999711e+0
7.879999999999710e+0
7.899999999999710e+0
7.919999999999709e+0
7.939999999999709e+0
7.959999999999709e+0
7.979999999999708e+0
7.999999999999708e+0
8.019999999999708e+0
8.039999999999708e+0
8.059999999999707e+0
8.079999999999707e+0
8.099999999999707e+0
8.119999999999706e+0
8.139999999999706e+0
8.159999999999705e+0
8.179999999999705e+0
8.199999999999704e+0
8.219999999999704e+0
8.239999999999704e+0
8.259999999999703e+0
8.279999999999703e+0
8.299999999999702e+0
8.319999999999702e+0
8.339999999999701e+0
8.359999999999701e+0
8.379999999999701e+0
8.399999999999700e+0
8.419999999999700e+0
8.439999999999699e+0
8.459999999999699e+0
8.479999999999698e+0
8.499999999999698e+0
8.519999999999698e+0
8.539999999999697e+0
8.559999999999697e+0
8.579999999999696e+0
8.599999999999696e+0
8.619999999999695e+0
8.639999999999695e+0
8.659999999999695e+0
8.679999999999694e+0
8.699999999999694e+0
8.719999999999693e+0
8.739999999999693e+0
8.759999999999692e+0
8.779999999999692e+0
8.799999999999692e+0
8.819999999999691e+0
8.839999999999691e+0
8.859999999999690e+0
8.879999999999690e+0
8.899999999999689e+0
8.919999999999689e+0
8.939999999999689e+0
8.959999999999688e+0
8.979999999999688e+0
8.999999999999687e+0
9.019999999999687e+0
9.039999999999687e+0
9.059999999999686e+0
9.079999999999686e+0
9.099999999999685e+0
9.119999999999685e+0
9.139999999999684e+0
9.159999999999684e+0
9.179999999999684e+0
9.199999999999683e+0
9.219999999999683e+0
9.239999999999682e+0
9.259999999999682e+0
9.279999999999681e+0
9.299999999999681e+0
9.319999999999681e+0
9.339999999999680e+0
9.359999999999680e+0
9.379999999999679e+0
9.399999999999679e+0
9.419999999999678e+0
9.439999999999678e+0
9.459999999999678e+0
9.479999999999677e+0
9.499999999999677e+0
9.519999999999676e+0
9.539999999999676e+0
9.559999999999675e+0
9.579999999999675e+0
9.599999999999675e+0
9.619999999999674e+0
9.639999999999674e+0
9.659999999999673e+0
9.679999999999673e+0
9.699999999999672e+0
9.719999999999672e+0
9.739999999999672e+0
9.759999999999671e+0
9.779999999999671e+0
9.799999999999670e+0
9.819999999999670e+0
9.839999999999669e+0
9.859999999999669e+0
9.879999999999669e+0
9.899999999999668e+0
9.919999999999668e+0
9.939999999999667e+0
9.959999999999667e+0
9.979999999999666e+0
9.999999999999666e+0
1.001999999999967e+1
1.003999999999967e+1
1.005999999999966e+1
1.007999999999966e+1
1.009999999999966e+1
1.011999999999966e+1
1.013999999999966e+1
1.015999999999966e+1
1.017999999999966e+1
1.019999999999966e+1
1.021999999999966e+1
1.023999999999966e+1
1.025999999999966e+1
1.027999999999966e+1
1.029999999999966e+1
1.031999999999966e+1
1.033999999999966e+1
1.035999999999966e+1
1.037999999999966e+1
1.039999999999966e+1
1.041999999999966e+1
1.043999999999966e+1
1.045999999999966e+1
1.047999999999966e+1
1.049999999999966e+1
1.051999999999965e+1
1.053999999999965e+1
1.055999999999965e+1
1.057999999999965e+1
1.059999999999965e+1
1.061999999999965e+1
1.063999999999965e+1
1.065999999999965e+1
1.067999999999965e+1
1.069999999999965e+1
1.071999999999965e+1
1.073999999999965e+1
1.075999999999965e+1
1.077999999999965e+1
1.079999999999965e+1
1.081999999999965e+1
1.083999999999965e+1
1.085999999999965e+1
1.087999999999965e+1
1.089999999999965e+1
1.091999999999965e+1
1.093999999999965e+1
1.095999999999965e+1
1.097999999999965e+1
1.099999999999964e+1
1.101999999999964e+1
1.103999999999964e+1
1.105999999999964e+1
1.107999999999964e+1
1.109999999999964e+1
1.111999999999964e+1
1.113999999999964e+1
1.115999999999964e+1
1.117999999999964e+1
1.119999999999964e+1
1.121999999999964e+1
1.123999999999964e+1
1.125999999999964e+1
1.127999999999964e+1
1.129999999999964e+1
1.131999999999964e+1
1.133999999999964e+1
1.135999999999964e+1
1.137999999999964e+1
1.139999999999964e+1
1.141999999999964e+1
1.143999999999964e+1
1.145999999999963e+1
1.147999999999963e+1
1.149999999999963e+1
1.151999999999963e+1
1.153999999999963e+1
1.155999999999963e+1
1.157999999999963e+1
1.159999999999963e+1
1.161999999999963e+1
1.163999999999963e+1
1.165999999999963e+1
1.167999999999963e+1
1.169999999999963e+1
1.171999999999963e+1
1.173999999999963e+1
1.175999999999963e+1
1.177999999999963e+1
1.179999999999963e+1
1.181999999999963e+1
1.183999999999963e+1
1.185999999999963e+1
1.187999999999963e+1
1.189999999999963e+1
1.191999999999963e+1
1.193999999999962e+1
1.195999999999962e+1
1.197999999999962e+1
1.200000000000000e+1
1.201998400579737e+1
1.204097014241351e+1
1.206300190579605e+1
1.208612394861272e+1
1.211038202753966e+1
1.213582293870225e+1
1.216249444023874e+1
1.219044516093866e+1
1.221972449390091e+1
1.225038247416286e+1
1.228246963927411e+1
1.231603687182870e+1
1.235113522303151e+1
1.238781571645932e+1
1.242612913128901e+1
1.246612576440565e+1
1.250785517097579e+1
1.255136588327716e+1
1.259670510781773e+1
1.264391840105590e+1
1.269304932434983e+1
1.274413907911795e+1
1.279722612358272e+1
1.285234577289393e+1
1.290952978488213e+1
1.296880593417207e+1
1.303019757788405e+1
1.309372321665835e+1
1.315939605524509e+1
1.322722356739720e+1
1.329720707027300e+1
1.336934131398403e+1
1.344361409229607e+1
1.352000588079024e+1
1.359848950900072e+1
1.367902987314769e+1
1.376158369606486e+1
1.384609934076526e+1
1.393251668378615e+1
1.402076705399562e+1
1.411077324192590e+1
1.420244958392195e+1
1.429570212446437e+1
1.439042885895456e+1
1.448652005805409e+1
1.458385867337208e+1
1.468232082292195e+1
1.478177635335398e+1
1.488208947454907e+1
1.498311946076993e+1
1.508472141124792e+1
1.518674706187600e+1
1.528904563861734e+1
1.539146474235843e+1
1.549385125426301e+1
1.559605225024107e+1
1.569791591294923e+1
1.579929242979278e+1
1.590003486570221e+1
1.600000000000000e+1
