281
-3.600000000000000e+0
-3.549955494136514e+0
-3.499424525858025e+0
-3.448500500395202e+0
-3.397279833704462e+0
-3.345861237246375e+0
-3.294344965273774e+0
-3.242832036673785e+0
-3.191423444124651e+0
-3.140219363688177e+0
-3.089318377946193e+0
-3.038816725405289e+0
-2.988807588154766e+0
-2.939380428699764e+0
-2.890620385549811e+0
-2.842607735577600e+0
-2.795417429436287e+0
-2.749118704502362e+0
-2.703774777961805e+0
-2.659442620843602e+0
-2.616172812084548e+0
-2.574009470132396e+0
-2.532990258200435e+0
-2.493146458104828e+0
-2.454503106664254e+0
-2.417079187927024e+0
-2.380887874011508e+0
-2.345936807090329e+0
-2.312228414999770e+0
-2.279760253090052e+0
-2.248525365223153e+0
-2.218512657244270e+0
-2.189707276772139e+0
-2.162090993744237e+0
-2.135642576789307e+0
-2.110338161157986e+0
-2.086151604602137e+0
-2.063054828237325e+0
-2.041018140036952e+0
-2.020010539180042e+0
-2.000000000000000e+0
-1.980000000000000e+0
-1.960000000000000e+0
-1.940000000000000e+0
-1.920000000000000e+0
-1.900000000000000e+0
-1.880000000000000e+0
-1.860000000000000e+0
-1.840000000000000e+0
-1.820000000000000e+0
-1.800000000000000e+0
-1.780000000000000e+0
-1.760000000000000e+0
-1.740000000000000e+0
-1.720000000000000e+0
-1.700000000000000e+0
-1.680000000000000e+0
-1.660000000000000e+0
-1.640000000000000e+0
-1.620000000000000e+0
-1.600000000000000e+0
-1.580000000000000e+0
-1.560000000000000e+0
-1.540000000000000e+0
-1.520000000000000e+0
-1.500000000000000e+0
-1.480000000000000e+0
-1.460000000000000e+0
-1.440000000000000e+0
-1.419999999999999e+0
-1.399999999999999e+0
-1.379999999999999e+0
-1.359999999999999e+0
-1.339999999999999e+0
-1.319999999999999e+0
-1.299999999999999e+0
-1.279999999999999e+0
-1.259999999999999e+0
-1.239999999999999e+0
-1.219999999999999e+0
-1.199999999999999e+0
-1.179999999999999e+0
-1.159999999999999e+0
-1.139999999999999e+0
-1.119999999999999e+0
-1.099999999999999e+0
-1.079999999999999e+0
-1.059999999999999e+0
-1.039999999999999e+0
-1.019999999999999e+0
-9.999999999999991e-1
-9.799999999999991e-1
-9.599999999999991e-1
-9.399999999999991e-1
-9.199999999999990e-1
-8.999999999999990e-1
-8.799999999999990e-1
-8.599999999999990e-1
-8.399999999999990e-1
-8.199999999999990e-1
-7.999999999999989e-1
-7.799999999999989e-1
-7.599999999999989e-1
-7.399999999999989e-1
-7.199999999999989e-1
-6.999999999999988e-1
-6.799999999999988e-1
-6.599999999999988e-1
-6.399999999999988e-1
-6.199999999999988e-1
-5.999999999999988e-1
-5.799999999999987e-1
-5.599999999999987e-1
-5.399999999999987e-1
-5.199999999999987e-1
-4.999999999999987e-1
-4.799999999999986e-1
-4.599999999999986e-1
-4.399999999999986e-1
-4.199999999999986e-1
-3.999999999999986e-1
-3.799999999999986e-1
-3.599999999999985e-1
-3.399999999999985e-1
-3.199999999999985e-1
-2.999999999999985e-1
-2.799999999999985e-1
-2.599999999999985e-1
-2.399999999999985e-1
-2.199999999999985e-1
-1.999999999999985e-1
-1.799999999999985e-1
-1.599999999999985e-1
-1.399999999999985e-1
-1.199999999999985e-1
-9.999999999999851e-2
-7.999999999999850e-2
-5.999999999999850e-2
-3.999999999999850e-2
-1.999999999999849e-2
1.505739977147869e-15
2.000000000000151e-2
4.000000000000151e-2
6.000000000000151e-2
8.000000000000151e-2
1.000000000000015e-1
1.200000000000015e-1
1.400000000000015e-1
1.600000000000015e-1
1.800000000000015e-1
2.000000000000015e-1
2.200000000000015e-1
2.400000000000015e-1
2.600000000000015e-1
2.800000000000015e-1
3.000000000000015e-1
3.200000000000015e-1
3.400000000000015e-1
3.600000000000015e-1
3.800000000000016e-1
4.000000000000016e-1
4.200000000000016e-1
4.400000000000016e-1
4.600000000000016e-1
4.800000000000016e-1
5.000000000000017e-1
5.200000000000017e-1
5.400000000000017e-1
5.600000000000017e-1
5.800000000000017e-1
6.000000000000018e-1
6.200000000000018e-1
6.400000000000018e-1
6.600000000000018e-1
6.800000000000018e-1
7.000000000000018e-1
7.200000000000019e-1
7.400000000000019e-1
7.600000000000019e-1
7.800000000000019e-1
8.000000000000019e-1
8.200000000000019e-1
8.400000000000020e-1
8.600000000000020e-1
8.800000000000020e-1
9.000000000000020e-1
9.200000000000020e-1
9.400000000000021e-1
9.600000000000021e-1
9.800000000000021e-1
1.000000000000002e+0
1.020000000000002e+0
1.040000000000002e+0
1.060000000000002e+0
1.080000000000002e+0
1.100000000000002e+0
1.120000000000002e+0
1.140000000000002e+0
1.160000000000002e+0
1.180000000000002e+0
1.200000000000002e+0
1.220000000000002e+0
1.240000000000002e+0
1.260000000000002e+0
1.280000000000002e+0
1.300000000000002e+0
1.320000000000002e+0
1.340000000000002e+0
1.360000000000002e+0
1.380000000000002e+0
1.400000000000002e+0
1.420000000000002e+0
1.440000000000002e+0
1.460000000000002e+0
1.480000000000002e+0
1.500000000000002e+0
1.520000000000002e+0
1.540000000000002e+0
1.560000000000002e+0
1.580000000000003e+0
1.600000000000003e+0
1.620000000000003e+0
1.640000000000003e+0
1.660000000000003e+0
1.680000000000003e+0
1.700000000000003e+0
1.720000000000003e+0
1.740000000000003e+0
1.760000000000003e+0
1.780000000000003e+0
1.800000000000003e+0
1.820000000000003e+0
1.840000000000003e+0
1.860000000000003e+0
1.880000000000003e+0
1.900000000000003e+0
1.920000000000003e+0
1.940000000000003e+0
1.960000000000003e+0
1.980000000000003e+0
2.000000000000000e+0
2.020010539180042e+0
2.041018140036951e+0
2.063054828237324e+0
2.086151604602136e+0
2.110338161157984e+0
2.135642576789304e+0
2.162090993744235e+0
2.189707276772136e+0
2.218512657244267e+0
2.248525365223150e+0
2.279760253090048e+0
2.312228414999766e+0
2.345936807090326e+0
2.380887874011505e+0
2.417079187927020e+0
2.454503106664250e+0
2.493146458104825e+0
2.532990258200432e+0
2.574009470132393e+0
2.616172812084545e+0
2.659442620843599e+0
2.703774777961803e+0
2.749118704502359e+0
2.795417429436284e+0
2.842607735577598e+0
2.890620385549809e+0
2.939380428699762e+0
2.988807588154764e+0
3.038816725405288e+0
3.089318377946192e+0
3.140219363688177e+0
3.191423444124651e+0
3.242832036673785e+0
3.294344965273774e+0
3.345861237246375e+0
3.397279833704462e+0
3.448500500395203e+0
3.499424525858025e+0
3.549955494136514e+0
3.600000000000000e+0