214
0.000000000000000e+0
4.999751413461794e-3
1.031692926640143e-2
1.596784784476394e-2
2.196912239677427e-2
2.833759229967268e-2
3.509023091007640e-2
4.224404120996900e-2
4.981593647566894e-2
5.782260535774922e-2
6.628036097130827e-2
7.520497386311098e-2
8.461148904872499e-2
9.451402770106047e-2
1.049255745216978e-1
1.158577523352874e-1
1.273205860089596e-1
1.393222584029568e-1
1.518688616910266e-1
1.649641480301917e-1
1.786092841852742e-1
1.928026152954294e-1
2.075394434755331e-1
2.228118273395196e-1
2.386084087794631e-1
2.549142733981568e-1
2.717108508423524e-1
2.889758608930190e-1
3.066833105211878e-1
3.248035462080287e-1
3.433033646642819e-1
3.621461836909549e-1
3.812922733398916e-1
4.006990458142128e-1
4.203214007626221e-1
4.401121208459542e-1
4.600223107723967e-1
4.800018714930571e-1
5.000000000000000e-1
5.200000000000000e-1
5.400000000000000e-1
5.600000000000001e-1
5.800000000000000e-1
6.000000000000000e-1
6.200000000000000e-1
6.400000000000000e-1
6.600000000000000e-1
6.799999999999999e-1
7.000000000000000e-1
7.200000000000000e-1
7.400000000000000e-1
7.600000000000000e-1
7.800000000000000e-1
8.000000000000000e-1
8.200000000000001e-1
8.400000000000000e-1
8.600000000000000e-1
8.800000000000000e-1
8.999999999999999e-1
9.199999999999999e-1
9.400000000000001e-1
9.600000000000000e-1
9.800000000000000e-1
1.000000000000000e+0
1.020000000000000e+0
1.040000000000000e+0
1.060000000000000e+0
1.080000000000000e+0
1.100000000000000e+0
1.120000000000000e+0
1.140000000000000e+0
1.160000000000000e+0
1.180000000000000e+0
1.200000000000000e+0
1.220000000000000e+0
1.240000000000000e+0
1.260000000000000e+0
1.280000000000000e+0
1.300000000000000e+0
1.320000000000000e+0
1.340000000000000e+0
1.360000000000000e+0
1.380000000000000e+0
1.400000000000000e+0
1.420000000000000e+0
1.440000000000000e+0
1.460000000000000e+0
1.480000000000000e+0
1.500000000000000e+0
1.520000000000000e+0
1.540000000000000e+0
1.560000000000000e+0
1.580000000000000e+0
1.600000000000000e+0
1.620000000000000e+0
1.640000000000000e+0
1.660000000000000e+0
1.680000000000000e+0
1.700000000000000e+0
1.720000000000000e+0
1.740000000000000e+0
1.760000000000000e+0
1.780000000000000e+0
1.800000000000000e+0
1.820000000000000e+0
1.840000000000000e+0
1.860000000000000e+0
1.880000000000000e+0
1.900000000000000e+0
1.920000000000000e+0
1.940000000000000e+0
1.960000000000000e+0
1.980000000000000e+0
2.000000000000000e+0
2.020000000000000e+0
2.040000000000000e+0
2.060000000000000e+0
2.080000000000000e+0
2.100000000000000e+0
2.120000000000000e+0
2.140000000000000e+0
2.160000000000000e+0
2.180000000000000e+0
2.200000000000000e+0
2.220000000000000e+0
2.240000000000000e+0
2.260000000000000e+0
2.280000000000000e+0
2.300000000000000e+0
2.320000000000000e+0
2.340000000000000e+0
2.360000000000000e+0
2.380000000000000e+0
2.400000000000000e+0
2.420000000000000e+0
2.440000000000000e+0
2.460000000000000e+0
2.480000000000000e+0
2.500000000000000e+0
2.520000000000000e+0
2.540000000000000e+0
2.560000000000000e+0
2.580000000000000e+0
2.600000000000000e+0
2.620000000000000e+0
2.640000000000000e+0
2.660000000000000e+0
2.680000000000000e+0
2.700000000000000e+0
2.720000000000000e+0
2.740000000000000e+0
2.760000000000000e+0
2.780000000000000e+0
2.800000000000000e+0
2.820000000000000e+0
2.840000000000000e+0
2.860000000000000e+0
2.880000000000000e+0
2.900000000000000e+0
2.920000000000000e+0
2.940000000000000e+0
2.960000000000000e+0
2.980000000000000e+0
3.000000000000000e+0
3.020000000000000e+0
3.040000000000000e+0
3.060000000000000e+0
3.080000000000000e+0
3.100000000000000e+0
3.120000000000000e+0
3.140000000000000e+0
3.160000000000000e+0
3.180000000000000e+0
3.200000000000000e+0
3.220000000000000e+0
3.240000000000000e+0
3.260000000000000e+0
3.280000000000000e+0
3.300000000000000e+0
3.320000000000000e+0
3.340000000000000e+0
3.360000000000000e+0
3.380000000000000e+0
3.400000000000000e+0
3.420000000000000e+0
3.440000000000000e+0
3.460000000000000e+0
3.480000000000000e+0
3.500000000000000e+0
3.520000000000000e+0
3.540000000000000e+0
3.560000000000000e+0
3.580000000000000e+0
3.600000000000000e+0
3.620000000000000e+0
3.640000000000000e+0
3.660000000000000e+0
3.680000000000000e+0
3.700000000000000e+0
3.720000000000000e+0
3.740000000000000e+0
3.760000000000000e+0
3.780000000000000e+0
3.800000000000000e+0
3.820000000000000e+0
3.840000000000000e+0
3.860000000000000e+0
3.880000000000000e+0
3.900000000000000e+0
3.920000000000000e+0
3.940000000000000e+0
3.960000000000000e+0
3.980000000000000e+0
4.000000000000000e+0
