304 76 46 2
-10.15
-10.05
-9.95
-9.85
-9.75
-9.65
-9.55
-9.45
-9.35
-9.25
-9.15
-9.05
-8.95
-8.85
-8.75
-8.65
-8.55
-8.45
-8.35
-8.25
-8.15
-8.05
-7.95
-7.85
-7.75
-7.65
-7.55
-7.45
-7.35
-7.25
-7.15
-7.05
-6.95
-6.85
-6.75
-6.65
-6.55
-6.45
-6.35
-6.25
-6.15
-6.05
-5.95
-5.85
-5.75
-5.65
-5.55
-5.45
-5.35
-5.25
-5.15
-5.05
-4.95
-4.85
-4.75
-4.65
-4.55
-4.45
-4.35
-4.25
-4.15
-4.05
-3.95
-3.85
-3.75
-3.65
-3.55
-3.45
-3.35
-3.25
-3.15
-3.05
-2.95
-2.85
-2.75
-2.65
-2.55
-2.45
-2.35
-2.25
-2.15
-2.05
-1.95
-1.85
-1.75
-1.65
-1.55
-1.45
-1.35
-1.25
-1.15
-1.05
-0.95
-0.85
-0.75
-0.65
-0.55
-0.45
-0.35
-0.25
-0.15
-0.05
0.05
0.15
0.25
0.35
0.45
0.55
0.65
0.75
0.85
0.95
1.05
1.15
1.25
1.35
1.45
1.55
1.65
1.75
1.85
1.95
2.05
2.15
2.25
2.35
2.45
2.55
2.65
2.75
2.85
2.95
3.05
3.15
3.25
3.35
3.45
3.55
3.65
3.75
3.85
3.95
4.05
4.15
4.25
4.35
4.45
4.55
4.65
4.75
4.85
4.95
5.05
5.15
5.25
5.35
5.45
5.55
5.65
5.75
5.85
5.95
6.05
6.15
6.25
6.35
6.45
6.55
6.65
6.75
6.85
6.95
7.05
7.15
7.25
7.35
7.45
7.55
7.65
7.75
7.85
7.95
8.05
8.15
8.25
8.35
8.45
8.55
8.65
8.75
8.85
8.95
9.05
9.15
9.25
9.35
9.45
9.55
9.65
9.75
9.85
9.95
10.05
10.15
10.25
10.35
10.45
10.55
10.65
10.75
10.85
10.95
11.05
11.15
11.25
11.35
11.45
11.55
11.65
11.75
11.85
11.95
12.05
12.15
12.25
12.35
12.45
12.55
12.65
12.75
12.85
12.95
13.05
13.15
13.25
13.35
13.45
13.55
13.65
13.75
13.85
13.95
14.05
14.15
14.25
14.35
14.45
14.55
14.65
14.75
14.85
14.95
15.05
15.15
15.25
15.35
15.45
15.55
15.65
15.75
15.85
15.95
16.05
16.15
16.25
16.35
16.45
16.55
16.65
16.75
16.85
16.95
17.05
17.15
17.25
17.35
17.45
17.55
17.65
17.75
17.85
17.95
18.05
18.15
18.25
18.35
18.45
18.55
18.65
18.75
18.85
18.95
19.05
19.15
19.25
19.35
19.45
19.55
19.65
19.75
19.85
19.95
20.05
20.15
-3.75
-3.65
-3.55
-3.45
-3.35
-3.25
-3.15
-3.05
-2.95
-2.85
-2.75
-2.65
-2.55
-2.45
-2.35
-2.25
-2.15
-2.05
-1.95
-1.85
-1.75
-1.65
-1.55
-1.45
-1.35
-1.25
-1.15
-1.05
-0.95
-0.85
-0.75
-0.65
-0.55
-0.45
-0.35
-0.25
-0.15
-0.05
0.05
0.15
0.25
0.35
0.45
0.55
0.65
0.75
0.85
0.95
1.05
1.15
1.25
1.35
1.45
1.55
1.65
1.75
1.85
1.95
2.05
2.15
2.25
2.35
2.45
2.55
2.65
2.75
2.85
2.95
3.05
3.15
3.25
3.35
3.45
3.55
3.65
3.75
-0.0104055
-0.0037965
0.00499517
0.0159695
0.0291266
0.0449514
0.0640589
0.0872385
0.115519
0.150262
0.193315
0.247234
0.315671
0.404029
0.504
0.604
0.704
0.804
0.904
1.004
1.104
1.204
1.304
1.404
1.504
1.604
1.704
1.804
1.904
2.004
2.104
2.204
2.304
2.404
2.504
2.604
2.704
2.804
2.904
3.004
3.104
3.204
3.304
3.404
3.504
3.604
