601
-1.400000000000000e+1
-1.395000000000000e+1
-1.390000000000000e+1
-1.385000000000000e+1
-1.380000000000000e+1
-1.375000000000000e+1
-1.370000000000000e+1
-1.365000000000000e+1
-1.359999999999999e+1
-1.354999999999999e+1
-1.349999999999999e+1
-1.344999999999999e+1
-1.339999999999999e+1
-1.334999999999999e+1
-1.329999999999999e+1
-1.324999999999999e+1
-1.319999999999999e+1
-1.314999999999999e+1
-1.309999999999999e+1
-1.304999999999999e+1
-1.299999999999999e+1
-1.294999999999999e+1
-1.289999999999998e+1
-1.284999999999998e+1
-1.279999999999998e+1
-1.274999999999998e+1
-1.269999999999998e+1
-1.264999999999998e+1
-1.259999999999998e+1
-1.254999999999998e+1
-1.249999999999998e+1
-1.244999999999998e+1
-1.239999999999998e+1
-1.234999999999998e+1
-1.229999999999998e+1
-1.224999999999998e+1
-1.219999999999997e+1
-1.214999999999997e+1
-1.209999999999997e+1
-1.204999999999997e+1
-1.199999999999997e+1
-1.194999999999997e+1
-1.189999999999997e+1
-1.184999999999997e+1
-1.179999999999997e+1
-1.174999999999997e+1
-1.169999999999997e+1
-1.164999999999997e+1
-1.159999999999997e+1
-1.154999999999997e+1
-1.149999999999996e+1
-1.144999999999996e+1
-1.139999999999996e+1
-1.134999999999996e+1
-1.129999999999996e+1
-1.124999999999996e+1
-1.119999999999996e+1
-1.114999999999996e+1
-1.109999999999996e+1
-1.104999999999996e+1
-1.099999999999996e+1
-1.094999999999996e+1
-1.089999999999996e+1
-1.084999999999996e+1
-1.079999999999995e+1
-1.074999999999995e+1
-1.069999999999995e+1
-1.064999999999995e+1
-1.059999999999995e+1
-1.054999999999995e+1
-1.049999999999995e+1
-1.044999999999995e+1
-1.039999999999995e+1
-1.034999999999995e+1
-1.029999999999995e+1
-1.024999999999995e+1
-1.019999999999995e+1
-1.014999999999995e+1
-1.009999999999994e+1
-1.004999999999994e+1
-9.999999999999943e+0
-9.949999999999942e+0
-9.899999999999942e+0
-9.849999999999941e+0
-9.799999999999940e+0
-9.749999999999940e+0
-9.699999999999939e+0
-9.649999999999938e+0
-9.599999999999937e+0
-9.549999999999937e+0
-9.499999999999936e+0
-9.449999999999935e+0
-9.399999999999935e+0
-9.349999999999934e+0
-9.299999999999933e+0
-9.249999999999932e+0
-9.199999999999932e+0
-9.149999999999931e+0
-9.099999999999930e+0
-9.049999999999930e+0
-8.999999999999929e+0
-8.949999999999928e+0
-8.899999999999928e+0
-8.849999999999927e+0
-8.799999999999926e+0
-8.749999999999925e+0
-8.699999999999925e+0
-8.649999999999924e+0
-8.599999999999923e+0
-8.549999999999923e+0
-8.499999999999922e+0
-8.449999999999921e+0
-8.399999999999920e+0
-8.349999999999920e+0
-8.299999999999919e+0
-8.249999999999918e+0
-8.199999999999918e+0
-8.149999999999917e+0
-8.099999999999916e+0
-8.049999999999915e+0
-7.999999999999916e+0
-7.949999999999916e+0
-7.899999999999916e+0
-7.849999999999916e+0
-7.799999999999916e+0
-7.749999999999917e+0
-7.699999999999917e+0
-7.649999999999917e+0
-7.599999999999917e+0
-7.549999999999917e+0
-7.499999999999917e+0
-7.449999999999918e+0
-7.399999999999918e+0
-7.349999999999918e+0
-7.299999999999918e+0
-7.249999999999918e+0
-7.199999999999918e+0
-7.149999999999919e+0
-7.099999999999919e+0
-7.049999999999919e+0
-6.999999999999919e+0
-6.949999999999919e+0
-6.899999999999920e+0
-6.849999999999920e+0
-6.799999999999920e+0
-6.749999999999920e+0
-6.699999999999920e+0
-6.649999999999920e+0
-6.599999999999921e+0
-6.549999999999921e+0
-6.499999999999921e+0
-6.449999999999921e+0
-6.399999999999921e+0
-6.349999999999921e+0
-6.299999999999922e+0
-6.249999999999922e+0
-6.199999999999922e+0
-6.149999999999922e+0
-6.099999999999922e+0
-6.049999999999923e+0
-5.999999999999923e+0
-5.949999999999923e+0
-5.899999999999923e+0
-5.849999999999923e+0
-5.799999999999923e+0
-5.749999999999924e+0
-5.699999999999924e+0
-5.649999999999924e+0
-5.599999999999924e+0
-5.549999999999924e+0
-5.499999999999925e+0
-5.449999999999925e+0
-5.399999999999925e+0
-5.349999999999925e+0
-5.299999999999925e+0
-5.249999999999925e+0
-5.199999999999926e+0
-5.149999999999926e+0
-5.099999999999926e+0
-5.049999999999926e+0
-4.999999999999926e+0
-4.949999999999926e+0
-4.899999999999927e+0
-4.849999999999927e+0
-4.799999999999927e+0
-4.749999999999927e+0
-4.699999999999927e+0
-4.649999999999928e+0
-4.599999999999928e+0
-4.549999999999928e+0
-4.499999999999928e+0
-4.449999999999928e+0
-4.399999999999928e+0
-4.349999999999929e+0
-4.299999999999929e+0
-4.249999999999929e+0
-4.199999999999929e+0
-4.149999999999929e+0
-4.099999999999929e+0
-4.049999999999930e+0
-3.999999999999930e+0
-3.949999999999930e+0
-3.899999999999930e+0
-3.849999999999930e+0
-3.799999999999931e+0
-3.749999999999931e+0
-3.699999999999931e+0
-3.649999999999931e+0
-3.599999999999931e+0
-3.549999999999931e+0
-3.499999999999932e+0
-3.449999999999932e+0
-3.399999999999932e+0
-3.349999999999932e+0
-3.299999999999932e+0
-3.249999999999932e+0
-3.199999999999933e+0
-3.149999999999933e+0
-3.099999999999933e+0
-3.049999999999933e+0
-2.999999999999933e+0
-2.949999999999934e+0
-2.899999999999934e+0
-2.849999999999934e+0
-2.799999999999934e+0
-2.749999999999934e+0
-2.699999999999934e+0
-2.649999999999935e+0
-2.599999999999935e+0
-2.549999999999935e+0
-2.499999999999935e+0
-2.449999999999935e+0
-2.399999999999936e+0
-2.349999999999936e+0
-2.299999999999936e+0
-2.249999999999936e+0
-2.199999999999936e+0
-2.149999999999936e+0
-2.099999999999937e+0
-2.049999999999937e+0
-1.999999999999937e+0
-1.949999999999937e+0
-1.899999999999937e+0
-1.849999999999937e+0
-1.799999999999937e+0
-1.749999999999936e+0
-1.699999999999936e+0
-1.649999999999936e+0
-1.599999999999936e+0
-1.549999999999936e+0
-1.499999999999936e+0
-1.449999999999936e+0
-1.399999999999936e+0
-1.349999999999936e+0
-1.299999999999936e+0
-1.249999999999936e+0
-1.199999999999936e+0
-1.149999999999936e+0
-1.099999999999936e+0
-1.049999999999936e+0
-9.999999999999358e-1
-9.499999999999358e-1
-8.999999999999357e-1
-8.499999999999357e-1
-7.999999999999357e-1
-7.499999999999356e-1
-6.999999999999356e-1
-6.499999999999355e-1
-5.999999999999355e-1
-5.499999999999354e-1
-4.999999999999354e-1
-4.499999999999355e-1
-3.999999999999355e-1
-3.499999999999355e-1
-2.999999999999355e-1
-2.499999999999355e-1
-1.999999999999355e-1
-1.499999999999355e-1
-9.999999999993552e-2
-4.999999999993551e-2
6.449007994291378e-14
5.000000000006449e-2
1.000000000000645e-1
1.500000000000645e-1
2.000000000000645e-1
2.500000000000645e-1
3.000000000000645e-1
3.500000000000645e-1
4.000000000000645e-1
4.500000000000645e-1
5.000000000000645e-1
5.500000000000645e-1
6.000000000000646e-1
6.500000000000646e-1
7.000000000000647e-1
7.500000000000647e-1
8.000000000000648e-1
8.500000000000648e-1
9.000000000000649e-1
9.500000000000649e-1
1.000000000000065e+0
1.050000000000065e+0
1.100000000000065e+0
1.150000000000065e+0
1.200000000000065e+0
1.250000000000065e+0
1.300000000000065e+0
1.350000000000065e+0
1.400000000000065e+0
1.450000000000065e+0
1.500000000000065e+0
1.550000000000065e+0
1.600000000000065e+0
1.650000000000065e+0
1.700000000000065e+0
1.750000000000066e+0
1.800000000000066e+0
1.850000000000066e+0
1.900000000000066e+0
1.950000000000066e+0
2.000000000000066e+0
2.050000000000066e+0
2.100000000000065e+0
2.150000000000065e+0
2.200000000000065e+0
2.250000000000065e+0
2.300000000000065e+0
2.350000000000064e+0
2.400000000000064e+0
2.450000000000064e+0
2.500000000000064e+0
2.550000000000064e+0
2.600000000000064e+0
2.650000000000063e+0
2.700000000000063e+0
2.750000000000063e+0
2.800000000000063e+0
2.850000000000063e+0
2.900000000000063e+0
2.950000000000062e+0
3.000000000000062e+0
3.050000000000062e+0
3.100000000000062e+0
3.150000000000062e+0
3.200000000000061e+0
3.250000000000061e+0
3.300000000000061e+0
3.350000000000061e+0
3.400000000000061e+0
3.450000000000061e+0
3.500000000000060e+0
3.550000000000060e+0
3.600000000000060e+0
3.650000000000060e+0
3.700000000000060e+0
3.750000000000060e+0
3.800000000000059e+0
3.850000000000059e+0
3.900000000000059e+0
3.950000000000059e+0
4.000000000000059e+0
4.050000000000058e+0
4.100000000000058e+0
4.150000000000058e+0
4.200000000000058e+0
4.250000000000058e+0
4.300000000000058e+0
4.350000000000057e+0
4.400000000000057e+0
4.450000000000057e+0
4.500000000000057e+0
4.550000000000057e+0
4.600000000000056e+0
4.650000000000056e+0
4.700000000000056e+0
4.750000000000056e+0
4.800000000000056e+0
4.850000000000056e+0
4.900000000000055e+0
4.950000000000055e+0
5.000000000000055e+0
5.050000000000055e+0
5.100000000000055e+0
5.150000000000055e+0
5.200000000000054e+0
5.250000000000054e+0
5.300000000000054e+0
5.350000000000054e+0
5.400000000000054e+0
5.450000000000053e+0
5.500000000000053e+0
5.550000000000053e+0
5.600000000000053e+0
5.650000000000053e+0
5.700000000000053e+0
5.750000000000052e+0
5.800000000000052e+0
5.850000000000052e+0
5.900000000000052e+0
5.950000000000052e+0
6.000000000000052e+0
6.050000000000051e+0
6.100000000000051e+0
6.150000000000051e+0
6.200000000000051e+0
6.250000000000051e+0
6.300000000000050e+0
6.350000000000050e+0
6.400000000000050e+0
6.450000000000050e+0
6.500000000000050e+0
6.550000000000050e+0
6.600000000000049e+0
6.650000000000049e+0
6.700000000000049e+0
6.750000000000049e+0
6.800000000000049e+0
6.850000000000048e+0
6.900000000000048e+0
6.950000000000048e+0
7.000000000000048e+0
7.050000000000048e+0
7.100000000000048e+0
7.150000000000047e+0
7.200000000000047e+0
7.250000000000047e+0
7.300000000000047e+0
7.350000000000047e+0
7.400000000000047e+0
7.450000000000046e+0
7.500000000000046e+0
7.550000000000046e+0
7.600000000000046e+0
7.650000000000046e+0
7.700000000000045e+0
7.750000000000045e+0
7.800000000000045e+0
7.850000000000045e+0
7.900000000000045e+0
7.950000000000045e+0
8.000000000000044e+0
8.050000000000045e+0
8.100000000000046e+0
8.150000000000047e+0
8.200000000000047e+0
8.250000000000048e+0
8.300000000000049e+0
8.350000000000049e+0
8.400000000000050e+0
8.450000000000051e+0
8.500000000000052e+0
8.550000000000052e+0
8.600000000000053e+0
8.650000000000054e+0
8.700000000000054e+0
8.750000000000055e+0
8.800000000000056e+0
8.850000000000056e+0
8.900000000000057e+0
8.950000000000058e+0
9.000000000000059e+0
9.050000000000059e+0
9.100000000000060e+0
9.150000000000061e+0
9.200000000000061e+0
9.250000000000062e+0
9.300000000000063e+0
9.350000000000064e+0
9.400000000000064e+0
9.450000000000065e+0
9.500000000000066e+0
9.550000000000066e+0
9.600000000000067e+0
9.650000000000068e+0
9.700000000000069e+0
9.750000000000069e+0
9.800000000000070e+0
9.850000000000071e+0
9.900000000000071e+0
9.950000000000072e+0
1.000000000000007e+1
1.005000000000007e+1
1.010000000000007e+1
1.015000000000007e+1
1.020000000000008e+1
1.025000000000008e+1
1.030000000000008e+1
1.035000000000008e+1
1.040000000000008e+1
1.045000000000008e+1
1.050000000000008e+1
1.055000000000008e+1
1.060000000000008e+1
1.065000000000008e+1
1.070000000000008e+1
1.075000000000008e+1
1.080000000000008e+1
1.085000000000008e+1
1.090000000000009e+1
1.095000000000009e+1
1.100000000000009e+1
1.105000000000009e+1
1.110000000000009e+1
1.115000000000009e+1
1.120000000000009e+1
1.125000000000009e+1
1.130000000000009e+1
1.135000000000009e+1
1.140000000000009e+1
1.145000000000009e+1
1.150000000000009e+1
1.155000000000009e+1
1.160000000000010e+1
1.165000000000010e+1
1.170000000000010e+1
1.175000000000010e+1
1.180000000000010e+1
1.185000000000010e+1
1.190000000000010e+1
1.195000000000010e+1
1.200000000000010e+1
1.205000000000010e+1
1.210000000000010e+1
1.215000000000010e+1
1.220000000000010e+1
1.225000000000010e+1
1.230000000000011e+1
1.235000000000011e+1
1.240000000000011e+1
1.245000000000011e+1
1.250000000000011e+1
1.255000000000011e+1
1.260000000000011e+1
1.265000000000011e+1
1.270000000000011e+1
1.275000000000011e+1
1.280000000000011e+1
1.285000000000011e+1
1.290000000000011e+1
1.295000000000011e+1
1.300000000000012e+1
1.305000000000012e+1
1.310000000000012e+1
1.315000000000012e+1
1.320000000000012e+1
1.325000000000012e+1
1.330000000000012e+1
1.335000000000012e+1
1.340000000000012e+1
1.345000000000012e+1
1.350000000000012e+1
1.355000000000012e+1
1.360000000000012e+1
1.365000000000012e+1
1.370000000000013e+1
1.375000000000013e+1
1.380000000000013e+1
1.385000000000013e+1
1.390000000000013e+1
1.395000000000013e+1
1.400000000000013e+1
1.405000000000013e+1
1.410000000000013e+1
1.415000000000013e+1
1.420000000000013e+1
1.425000000000013e+1
1.430000000000013e+1
1.435000000000013e+1
1.440000000000014e+1
1.445000000000014e+1
1.450000000000014e+1
1.455000000000014e+1
1.460000000000014e+1
1.465000000000014e+1
1.470000000000014e+1
1.475000000000014e+1
1.480000000000014e+1
1.485000000000014e+1
1.490000000000014e+1
1.495000000000014e+1
1.500000000000014e+1
1.505000000000014e+1
1.510000000000015e+1
1.515000000000015e+1
1.520000000000015e+1
1.525000000000015e+1
1.530000000000015e+1
1.535000000000015e+1
1.540000000000015e+1
1.545000000000015e+1
1.550000000000015e+1
1.555000000000015e+1
1.560000000000015e+1
1.565000000000015e+1
1.570000000000015e+1
1.575000000000015e+1
1.580000000000016e+1
1.585000000000016e+1
1.590000000000016e+1
1.595000000000016e+1
1.600000000000000e+1
