135
-3.600000000000000e+0
-3.499986683040024e+0
-3.408522963996168e+0
-3.324222222612263e+0
-3.245962396298574e+0
-3.172823797969119e+0
-3.104043465534922e+0
-3.038981101685724e+0
-2.977093276331204e+0
-2.917913607196351e+0
-2.861037322072942e+0
-2.806109068300089e+0
-2.752813150421963e+0
-2.700865595278585e+0
-2.650007596695907e+0
-2.600000000000000e+0
-2.550000000000000e+0
-2.500000000000000e+0
-2.450000000000001e+0
-2.400000000000001e+0
-2.350000000000001e+0
-2.300000000000001e+0
-2.250000000000001e+0
-2.200000000000002e+0
-2.150000000000002e+0
-2.100000000000002e+0
-2.050000000000002e+0
-2.000000000000002e+0
-1.950000000000002e+0
-1.900000000000002e+0
-1.850000000000002e+0
-1.800000000000002e+0
-1.750000000000002e+0
-1.700000000000002e+0
-1.650000000000002e+0
-1.600000000000002e+0
-1.550000000000002e+0
-1.500000000000002e+0
-1.450000000000002e+0
-1.400000000000002e+0
-1.350000000000002e+0
-1.300000000000002e+0
-1.250000000000002e+0
-1.200000000000002e+0
-1.150000000000001e+0
-1.100000000000001e+0
-1.050000000000001e+0
-1.000000000000001e+0
-9.500000000000013e-1
-9.000000000000012e-1
-8.500000000000012e-1
-8.000000000000012e-1
-7.500000000000011e-1
-7.000000000000011e-1
-6.500000000000010e-1
-6.000000000000010e-1
-5.500000000000009e-1
-5.000000000000009e-1
-4.500000000000009e-1
-4.000000000000009e-1
-3.500000000000009e-1
-3.000000000000009e-1
-2.500000000000009e-1
-2.000000000000010e-1
-1.500000000000010e-1
-1.000000000000010e-1
-5.000000000000096e-2
-9.575673587391975e-16
4.999999999999905e-2
9.999999999999905e-2
1.499999999999991e-1
1.999999999999991e-1
2.499999999999991e-1
2.999999999999990e-1
3.499999999999990e-1
3.999999999999990e-1
4.499999999999990e-1
4.999999999999990e-1
5.499999999999990e-1
5.999999999999991e-1
6.499999999999991e-1
6.999999999999992e-1
7.499999999999992e-1
7.999999999999993e-1
8.499999999999993e-1
8.999999999999994e-1
9.499999999999994e-1
9.999999999999994e-1
1.049999999999999e+0
1.099999999999999e+0
1.149999999999999e+0
1.200000000000000e+0
1.250000000000000e+0
1.300000000000000e+0
1.350000000000000e+0
1.400000000000000e+0
1.450000000000000e+0
1.500000000000000e+0
1.550000000000000e+0
1.600000000000000e+0
1.650000000000000e+0
1.700000000000000e+0
1.750000000000000e+0
1.800000000000000e+0
1.850000000000000e+0
1.900000000000000e+0
1.950000000000000e+0
2.000000000000000e+0
2.050000000000000e+0
2.100000000000000e+0
2.149999999999999e+0
2.199999999999999e+0
2.249999999999999e+0
2.299999999999999e+0
2.349999999999999e+0
2.399999999999999e+0
2.449999999999998e+0
2.499999999999998e+0
2.549999999999998e+0
2.600000000000000e+0
2.650007596695907e+0
2.700865595278585e+0
2.752813150421963e+0
2.806109068300089e+0
2.861037322072941e+0
2.917913607196351e+0
2.977093276331203e+0
3.038981101685724e+0
3.104043465534922e+0
3.172823797969119e+0
3.245962396298574e+0
3.324222222612263e+0
3.408522963996168e+0
3.499986683040024e+0
3.600000000000000e+0
