95
0.000000000000000e+0
1.000536756671103e-2
2.030824899701580e-2
3.094414572627876e-2
4.195230101309090e-2
5.337633370452401e-2
6.526499172791632e-2
7.767305393904610e-2
9.066241688234310e-2
1.043034135251263e-1
1.186764250797584e-1
1.338738660030672e-1
1.500026481528524e-1
1.671872658021073e-1
1.855736930900117e-1
2.053343560442911e-1
2.266745425238952e-1
2.498407608554694e-1
2.751317762641944e-1
3.029133834551541e-1
3.336384802536634e-1
3.678748038887679e-1
4.063439754780614e-1
4.5e-1
5.000000000000000e-1
5.500000000000000e-1
6.000000000000000e-1
6.500000000000000e-1
7.000000000000000e-1
7.500000000000000e-1
8.000000000000000e-1
8.500000000000001e-1
8.999999999999999e-1
9.500000000000000e-1
1.000000000000000e+0
1.050000000000000e+0
1.100000000000000e+0
1.150000000000000e+0
1.200000000000000e+0
1.250000000000000e+0
1.300000000000000e+0
1.350000000000000e+0
1.400000000000000e+0
1.450000000000000e+0
1.500000000000000e+0
1.550000000000000e+0
1.600000000000000e+0
1.650000000000000e+0
1.700000000000000e+0
1.750000000000000e+0
1.800000000000000e+0
1.850000000000000e+0
1.900000000000000e+0
1.950000000000000e+0
2.000000000000000e+0
2.050000000000000e+0
2.100000000000000e+0
2.150000000000000e+0
2.200000000000000e+0
2.250000000000000e+0
2.300000000000000e+0
2.350000000000000e+0
2.400000000000000e+0
2.450000000000000e+0
2.500000000000000e+0
2.550000000000000e+0
2.600000000000000e+0
2.650000000000000e+0
2.700000000000000e+0
2.750000000000000e+0
2.800000000000000e+0
2.850000000000000e+0
2.900000000000000e+0
2.950000000000000e+0
3.000000000000000e+0
3.050000000000000e+0
3.100000000000000e+0
3.150000000000000e+0
3.200000000000000e+0
3.250000000000000e+0
3.300000000000000e+0
3.350000000000000e+0
3.400000000000000e+0
3.450000000000000e+0
3.500000000000000e+0
3.550000000000000e+0
3.600000000000000e+0
3.650000000000000e+0
3.700000000000000e+0
3.750000000000000e+0
3.800000000000000e+0
3.850000000000000e+0
3.900000000000000e+0
3.950000000000000e+0
4.000000000000000e+0
