579 148 93 2
-10.075
-10.025
-9.975
-9.925
-9.875
-9.825
-9.775
-9.725
-9.675
-9.625
-9.575
-9.525
-9.475
-9.425
-9.375
-9.325
-9.275
-9.225
-9.175
-9.125
-9.075
-9.025
-8.975
-8.925
-8.875
-8.825
-8.775
-8.725
-8.675
-8.625
-8.575
-8.525
-8.475
-8.425
-8.375
-8.325
-8.275
-8.225
-8.175
-8.125
-8.075
-8.025
-7.975
-7.925
-7.875
-7.825
-7.775
-7.725
-7.675
-7.625
-7.575
-7.525
-7.475
-7.425
-7.375
-7.325
-7.275
-7.225
-7.175
-7.125
-7.075
-7.025
-6.975
-6.925
-6.875
-6.825
-6.775
-6.725
-6.675
-6.625
-6.575
-6.525
-6.475
-6.425
-6.375
-6.325
-6.275
-6.225
-6.175
-6.125
-6.075
-6.025
-5.975
-5.925
-5.875
-5.825
-5.775
-5.725
-5.675
-5.625
-5.575
-5.525
-5.475
-5.425
-5.375
-5.325
-5.275
-5.225
-5.175
-5.125
-5.075
-5.025
-4.975
-4.925
-4.875
-4.825
-4.775
-4.725
-4.675
-4.625
-4.575
-4.525
-4.475
-4.425
-4.375
-4.325
-4.275
-4.225
-4.175
-4.125
-4.075
-4.025
-3.975
-3.925
-3.875
-3.825
-3.775
-3.725
-3.675
-3.625
-3.575
-3.525
-3.475
-3.425
-3.375
-3.325
-3.275
-3.225
-3.175
-3.125
-3.075
-3.025
-2.975
-2.925
-2.875
-2.825
-2.775
-2.725
-2.675
-2.625
-2.575
-2.525
-2.475
-2.425
-2.375
-2.325
-2.275
-2.225
-2.175
-2.125
-2.075
-2.025
-1.975
-1.925
-1.875
-1.825
-1.775
-1.725
-1.675
-1.625
-1.575
-1.525
-1.475
-1.425
-1.375
-1.325
-1.275
-1.225
-1.175
-1.125
-1.075
-1.025
-0.975
-0.925
-0.875
-0.825
-0.775
-0.725
-0.675
-0.625
-0.575
-0.525
-0.475
-0.425
-0.375
-0.325
-0.275
-0.225
-0.175
-0.125
-0.075
-0.025
0.025
0.075
0.125
0.175
0.225
0.275
0.325
0.375
0.425
0.475
0.525
0.575
0.625
0.675
0.725
0.775
0.825
0.875
0.925
0.975
1.025
1.075
1.125
1.175
1.225
1.275
1.325
1.375
1.425
1.475
1.525
1.575
1.625
1.675
1.725
1.775
1.825
1.875
1.925
1.975
2.025
2.075
2.125
2.175
2.225
2.275
2.325
2.375
2.425
2.475
2.525
2.575
2.625
2.675
2.725
2.775
2.825
2.875
2.925
2.975
3.025
3.075
3.125
3.175
3.225
3.275
3.325
3.375
3.425
3.475
3.525
3.575
3.625
3.675
3.725
3.775
3.825
3.875
3.925
3.975
4.025
4.075
4.125
4.175
4.225
4.275
4.325
4.375
4.425
4.475
4.525
4.575
4.625
4.675
4.725
4.775
4.825
4.875
4.925
4.975
5.025
5.075
5.125
5.175
5.225
5.275
5.325
5.375
5.425
5.475
5.525
5.575
5.625
5.675
5.725
5.775
5.825
5.875
5.925
5.975
6.025
6.075
6.125
6.175
6.225
6.275
6.325
6.375
6.425
6.475
6.525
6.575
6.625
6.675
6.725
6.775
6.825
6.875
6.925
6.975
7.025
7.075
7.125
7.175
7.225
7.275
7.325
7.375
7.425
7.475
7.525
7.575
7.625
7.675
7.725
7.775
7.825
7.875
7.925
7.975
8.025
8.075
8.125
8.175
8.225
8.275
8.325
8.375
8.425
8.475
8.525
8.575
8.625
8.675
8.725
8.775
8.825
8.875
8.925
8.975
9.025
9.075
9.125
9.175
9.225
9.275
9.325
9.375
9.425
9.475
9.525
9.575
9.625
9.675
9.725
9.775
9.825
9.875
9.925
9.975
10.025
10.075
10.125
10.175
10.225
10.275
10.325
10.375
10.425
10.475
10.525
10.575
10.625
10.675
10.725
10.775
10.825
10.875
10.925
10.975
11.025
11.075
11.125
11.175
11.225
11.275
11.325
11.375
11.425
11.475
11.525
11.575
11.625
11.675
11.725
11.775
11.825
11.875
11.925
11.975
12.025
12.075
12.125
12.175
12.225
12.275
12.325
12.375
12.425
12.475
12.525
12.575
12.625
12.675
12.725
12.775
12.825
12.875
12.925
12.975
13.025
13.075
13.125
13.175
13.225
13.275
13.325
13.375
13.425
13.475
13.525
13.575
13.625
13.675
13.725
13.775
13.825
13.875
13.925
13.975
14.025
14.075
14.125
14.175
14.225
14.275
14.325
14.375
14.425
14.475
14.525
14.575
14.625
14.675
14.725
14.775
14.825
14.875
14.925
14.975
15.025
15.0751
15.1254
15.1759
15.2265
15.2774
15.3284
15.3797
15.4312
15.483
15.5349
15.5872
15.6396
15.6924
15.7454
15.7987
15.8523
15.9062
15.9605
16.015
16.0699
16.1251
16.1807
16.2366
16.293
16.3497
16.4068
16.4643
16.5222
16.5806
16.6395
16.6988
16.7585
16.8188
16.8795
16.9408
17.0026
17.065
17.1279
17.1914
17.2555
17.3202
17.3856
17.4515
17.5182
17.5855
17.6536
17.7224
17.7919
17.8622
17.9333
18.0052
18.0779
18.1515
18.226
18.3014
18.3777
18.455
18.5333
18.6126
18.693
18.7745
18.8571
18.9409
19.0258
19.112
19.1995
19.2882
19.3783
19.4699
19.5628
19.6572
19.7532
19.8508
19.95
20.0508
20.1533
-3.675
-3.625
-3.575
-3.525
-3.475
-3.425
-3.375
-3.325
-3.275
-3.225
-3.175
-3.125
-3.075
-3.025
-2.975
-2.925
-2.875
-2.825
-2.775
-2.725
-2.675
-2.625
-2.575
-2.525
-2.475
-2.425
-2.375
-2.325
-2.275
-2.225
-2.175
-2.125
-2.075
-2.025
-1.975
-1.925
-1.875
-1.825
-1.775
-1.725
-1.675
-1.625
-1.575
-1.525
-1.475
-1.425
-1.375
-1.325
-1.275
-1.225
-1.175
-1.125
-1.075
-1.025
-0.975
-0.925
-0.875
-0.825
-0.775
-0.725
-0.675
-0.625
-0.575
-0.525
-0.475
-0.425
-0.375
-0.325
-0.275
-0.225
-0.175
-0.125
-0.075
-0.025
0.025
0.075
0.125
0.175
0.225
0.275
0.325
0.375
0.425
0.475
0.525
0.575
0.625
0.675
0.725
0.775
0.825
0.875
0.925
0.975
1.025
1.075
1.125
1.175
1.225
1.275
1.325
1.375
1.425
1.475
1.525
1.575
1.625
1.675
1.725
1.775
1.825
1.875
1.925
1.975
2.025
2.075
2.125
2.175
2.225
2.275
2.325
2.375
2.425
2.475
2.525
2.575
2.625
2.675
2.725
2.775
2.825
2.875
2.925
2.975
3.025
3.075
3.125
3.175
3.225
3.275
3.325
3.375
3.425
3.475
3.525
3.575
3.625
3.675
-0.0126998
-0.00441136
0.00499792
0.015528
0.027179
0.0400593
0.0542856
0.0699826
0.0872829
0.106327
0.127261
0.150239
0.175419
0.202963
0.233032
0.265789
0.30139
0.339983
0.381706
0.426683
0.475
0.525
0.575
0.625
0.675
0.725
0.775
0.825
0.875
0.925
0.975
1.025
1.075
1.125
1.175
1.225
1.275
1.325
1.375
1.425
1.475
1.525
1.575
1.625
1.675
1.725
1.775
1.825
1.875
1.925
1.975
2.025
2.075
2.125
2.175
2.225
2.275
2.325
2.375
2.425
2.475
2.525
2.575
2.625
2.675
2.725
2.775
2.825
2.875
2.925
2.975
3.025
3.075
3.125
3.175
3.225
3.275
3.325
3.375
3.425
3.475
3.525
3.575
3.625
3.675
3.725
3.775
3.825
3.875
3.925
3.975
4.025
4.075
